<|2, 3, 4, 4, 5, 6, 5, 6, 7, 8, 6, 7, 8, 9, 10, 7, 8, 9, 10, 11, 12, 8, 9, 10, 11, 12, 13, 14, 9, 10, 11, 12, 13, 14, 15, 16, 10, 11, 12, 13, 14, 15, 16, 17, 18, 11, 12, 13, 14, 15, 16, 17, 18, 19, 20|>
<|2, 3, 4, 4, 5, 6, 5, 6, 7, 8, 6, 7, 8, 9, 10, 7, 8, 9, 10, 11, 12, 8, 9, 10, 11, 12, 13, 14, 9, 10, 11, 12, 13, 14, 15, 16, 10, 11, 12, 13, 14, 15, 16, 17, 18, 11, 12, 13, 14, 15, 16, 17, 18, 19, 20|>
<|2, 3.0, 4, 4, 5.0, 6, 5.0, 6, 7.0, 8, 6, 7.0, 8, 9.0, 10, 7.0, 8, 9.0, 10, 11.0, 12, 8, 9.0, 10, 11.0, 12, 13.0, 14, 9.0, 10, 11.0, 12, 13.0, 14, 15.0, 16, 10, 11.0, 12, 13.0, 14, 15.0, 16, 17.0, 18, 11.0, 12, 13.0, 14, 15.0, 16, 17.0, 18, 19.0, 20|>
45
45
100
45
0
145.0
605
605

rc=0 secs=6
