<|2, 3, 4, 4, 5, 6, 5, 6, 7, 8, 6, 7, 8, 9, 10, 7, 8, 9, 10, 11, 12, 8, 9, 10, 11, 12, 13, 14, 9, 10, 11, 12, 13, 14, 15, 16, 10, 11, 12, 13, 14, 15, 16, 17, 18, 11, 12, 13, 14, 15, 16, 17, 18, 19, 20|>
<|2, 3, 4, 4, 5, 6, 5, 6, 7, 8, 6, 7, 8, 9, 10, 7, 8, 9, 10, 11, 12, 8, 9, 10, 11, 12, 13, 14, 9, 10, 11, 12, 13, 14, 15, 16, 10, 11, 12, 13, 14, 15, 16, 17, 18, 11, 12, 13, 14, 15, 16, 17, 18, 19, 20|>
<|2.0, 3.0, 4.0, 4.0, 5.0, 6.0, 5.0, 6.0, 7.0, 8.0, 6.0, 7.0, 8.0, 9.0, 10.0, 7.0, 8.0, 9.0, 10.0, 11.0, 12.0, 8.0, 9.0, 10.0, 11.0, 12.0, 13.0, 14.0, 9.0, 10.0, 11.0, 12.0, 13.0, 14.0, 15.0, 16.0, 10.0, 11.0, 12.0, 13.0, 14.0, 15.0, 16.0, 17.0, 18.0, 11.0, 12.0, 13.0, 14.0, 15.0, 16.0, 17.0, 18.0, 19.0, 20.0|>
45
45
100
45
0
145.0
605
605

rc=0 secs=9
