yuheng 7 26 24 20 7 4 13 6 26 26 26 26 26 26 26 26 26 26
diondre 8 26 3 8 14 13 3 17 4 26 26 26 26 26 26 26 26 26
xavien 7 26 23 0 21 8 4 13 26 26 26 26 26 26 26 26 26 26
jori 5 26 9 14 17 8 26 26 26 26 26 26 26 26 26 26 26 26
juanluis 9 26 9 20 0 13 11 20 8 18 26 26 26 26 26 26 26 26
erandi 7 26 4 17 0 13 3 8 26 26 26 26 26 26 26 26 26 26
phia 5 26 15 7 8 0 26 26 26 26 26 26 26 26 26 26 26 26
samatha 8 26 18 0 12 0 19 7 0 26 26 26 26 26 26 26 26 26
phoenix 8 26 15 7 14 4 13 8 23 26 26 26 26 26 26 26 26 26
emmelynn 9 26 4 12 12 4 11 24 13 13 26 26 26 26 26 26 26 26
hollan 7 26 7 14 11 11 0 13 26 26 26 26 26 26 26 26 26 26
hollis 7 26 7 14 11 11 8 18 26 26 26 26 26 26 26 26 26 26
callalily 10 26 2 0 11 11 0 11 8 11 24 26 26 26 26 26 26 26
adelayde 9 26 0 3 4 11 0 24 3 4 26 26 26 26 26 26 26 26
josephyne 10 26 9 14 18 4 15 7 24 13 4 26 26 26 26 26 26 26
weldon 7 26 22 4 11 3 14 13 26 26 26 26 26 26 26 26 26 26
