17 0.0 0.0
500 -0.048893050299446406 -0.0488930500530671
1000 0.003685793302051099 0.0036857936702716643
1300 -8.726693468810541e-08 -8.72635297355373e-08
1500 6.046970122589977e-05 6.0469851348443626e-05
1700 3.568178454704009e-05 3.5681457788427906e-05
2000 -0.0003092073363295432 -0.0003092075484545376
2500 -0.0012956417779239522 -0.0012956415940124089
3000 0.0011858149448818944 0.0011858152237920194
4000 -0.0046765990555756275 -0.004676599107966695
4191 -0.0040771921334523415 -0.004077191917417622
