17 0.0 0.0
500 -0.09262792010673876 -0.09262792000086506
1000 -7.907983194367245e-07 -7.907008381380365e-07
1300 0.00013868449017482684 0.00013868439729947113
1500 -3.4529571739452285e-05 -3.4529490378076844e-05
1700 -0.002966160346028039 -0.0029661602063413284
2000 -0.0030705503307485215 -0.0030705502584993383
2500 -5.5379926069370093e-05 -5.5379922869747134e-05
3000 0.0019669872121007032 0.001966987017709698
4000 -0.003147491059747545 -0.003147491156596516
4191 -0.002523065400316256 -0.002523065534276725
