-0.04273180935726127
0.07696138795865093
0.10844210106107166
0.03741680212434131
-0.0031437655498982994
-0.004425542236071316
0.09739277609170183
-0.11227107651933786
-0.03318121711190419
-0.04985948901569463
0.01114614081126478
-0.028872684050893608
0.046982695064467506
-0.017899943290165567
-0.0005483556527782804
-0.012542092727380863
0.050011761464279846
0.010599800147909033
0.1905316001018224
0.0675558942622462
-0.06574692886942883
0.030066049774864552
-0.11520616878033307
-0.15250401744719588
0.013181069227375731
-0.008370350695307978
-0.06969313529926807
0.13377245274941757
0.0646401219995397
0.11449281090520413
0.11616968291540783
0.07984583139919689
0.08082554489173573
0.014006121102859315
0.0677556218896131
0.01589261832570555
-0.005016593918799812
0.13094072153183028
-0.01436154260215854
-0.006364258058198187
0.0806416815588009
-0.00859331985119998
0.04245619475879995
-0.03386671553762479
-0.0027136945595409557
-0.04396407385060838
0.028537466667214084
0.032650987428266845
0.23942505182109697
0.057255391844941314
0.02469685633866249
0.21874996441030298
0.0807075119106428
0.08647862726111587
0.0745294525279248
0.022770230656816496
-0.020156104946578643
-0.029664839087193976
-0.05722428809692975
-0.09438350699365101
0.030369229480644272
0.009104589774991288
0.003154968626858666
-0.06144620002834186
-0.019867990465001373
0.053340695870774966
0.046320835075806234
0.03411367875611231
0.023184555170819018
0.04501820856920581
-0.1555436081323037
0.14822741498746517
0.013559067625421058
-0.044970649996024195
-0.00655564287596722
-0.06091469552763412
0.040786496453622804
-0.07160684377033148
-0.00863471509045191
0.0406546670434344
-0.03153217192001839
0.08884428003249577
-0.04325908375106893
0.1378344106138116
-0.06537296773442129
-0.05367558201538787
0.06256700557378764
0.001957010660392499
-0.08450376567389305
-0.006382909144451759
-0.014622998789941964
0.1315238310669424
-0.013477242122197586
-0.1049984213847183
-0.053261834465328776
0.06724954209579952
-0.1141485426848804
0.03408525597573433
-0.11354879190857962
-0.11369496833705962
0.005547457099351872
0.11768016842100158
-0.10654401248582238
-0.03472668104181972
0.039849031412197554
0.08114437984283887
0.009169546290302939
0.08097261875224403
0.011026030980374468
-0.07136444259432911
0.0345969337571118
0.07069266856810065
0.07458316179794375
-0.01924162182017589
-0.07682514213638358
0.1346580949515744
-0.014928378188359166
0.13513335642875057
-0.03613038421233241
0.029856506490860368
0.03792626240450984
-0.1578248005348805
-0.11096539458363873
-0.0076094663428186654
-0.05850919864282334
0.03383472365754606
-0.014555065067757465
0.1390336767455051
-0.04131791954020041
0.04429159918774953
0.07212998928392926
-0.10060696177094716
0.08860311578848411
0.13818018167061724
0.03349785968315785
-0.1922571828032722
0.07104506391711049
-0.03687438212307118
-0.022463114537932136
-0.11647963918625528
-0.05396030300709986
0.08735897104871578
-0.039277645356708024
-0.11771040393266086
-0.11338031517839028
0.07425062942697185
0.0767695761851887
-0.07146213357083546
0.10138478474466901
-0.08579355981626233
0.03050619750297177
0.044344582692420816
0.11363724843813497
-0.07133442541360703
-0.1385865499465278
0.1172282953850466
0.02181415453902343
0.030317879922790014
-0.04611628966069061
0.007357259376256258
-0.11106548698747919
0.03025917158900667
0.17977193882928383
-0.07912316227730758
-0.0031962948627797007
-0.10063354086789433
0.010115933716652604
0.06286076646501178
0.06116113318545503
-0.024132689560378263
-0.0898753044893706
-0.028286457880492586
-0.10733803970197256
0.05119825204444244
0.1383376591773862
0.02292227346830459
-0.07794295133573918
0.061806292144977036
-0.025727485224144135
0.08645192033093585
-0.07112381105309021
-0.08479082458774131
0.001738723347054551
-0.1349312260154794
0.007450679007795814
-0.031182923594677083
0.13064688597257204
0.09021256276695808
-0.043394349510428316
-0.0836157703340432
0.13702216985582158
0.10154733434485552
-0.052710158978228235
-0.0050724948571011065
-0.01892986290973145
0.00461961936842942
0.1434463039355045
0.020987190376640284
-0.07712042023908108
0.012719955268528873
-0.04744058322295998
0.00857786214533295
0.0034832926570682356
-0.0063268873993551356
0.08188496042517898
0.05596452514833374
-0.08138775575006006
0.04236701920713348
-0.11899023724153093
-0.04190438376643454
-0.041242534602355885
-0.015121607471390396
-0.0118472202804593
-0.10381380353085926
0.16438338916880044
0.15019142493943383
0.07993037765745376
-0.01058482621509372
0.045155529479979375
0.12912708914551016
0.017788638386946585
-0.08456673059917724
0.04626510880817993
0.10499466507816205
0.07005683245259478
-0.11299757030943974
0.11308528587902127
-0.006048836219040423
-0.0952858587488089
0.0802490885128173
-0.045631891299660325
0.06762618329993388
0.04522281822447751
-0.025922424605087722
0.033878457777463504
0.027629133411058732
0.14400673421510177
-0.06693986945630881
-0.1455099598750659
-0.09059742301073903
0.08005225451189193
0.005717625986867625
-0.08523416380085509
-0.04186038671229406
-0.12927016298819166
-0.21840778292534233
0.08843060630988948
0.07300401527546091
-0.02312003636881775
-0.07517953774352411
-0.023241935473212134
0.08573737158277321
-0.06375431009432384
-0.06018810267724623
-0.03868075866256658
-0.072761941770229
0.043694051189101496
-0.03660853796000993
-0.05136396589650429
0.09535669731546971
0.19565902636866309
0.04098270256071107
0.05796070963382456
0.04639713375852441
0.0027647428856470645
-0.018703259238269522
-0.10367233858405021
0.07398491723204897
-0.05808019826696342
-0.026306184087383826
-0.1165318043561208
-0.06901674841754643
0.05000607637724018
0.028026966797088965
-0.00885101916194162
0.06311307379824753
-0.11713978915559901
0.017620180055087437
0.05843369907465227
-0.10136094340794195
0.033868405207422424
0.11690062167679964
-0.03598794306225943
-0.007683930027003715
0.09879098820617838
0.029099322615542593
0.018336292368011396
-0.06008302083382708
-0.02699441495634677
-0.19740593752711877
0.061707908164616285
-0.07001585117569717
0.006548384060744303
0.030659410917225977
-0.0006588987648076305
0.10031085439844367
0.00920650652758807
0.0070243063482873
-0.023955694280275754
0.11413911747791795
-0.09878192624024762
-0.06296339782785967
0.0033882558653165716
-0.02474366443908418
-0.06460482166659451
0.1586401028067161
0.0930215974987145
0.14978235962915107
0.060133517637001845
0.08334028259602133
0.11538202706875027
-0.10605433680497836
0.07273322422410643
-0.03658313130408989
-0.019921641103213636
-0.005691691200959112
0.15953628926169142
-0.035853894972068215
-0.04818956849033479
-0.036050173109665594
0.12262492451711213
0.15682072119356863
0.007630413768131056
-0.061304297208181154
0.14783335716188734
-0.11419789750538346
-0.020109930107152424
0.05890119750997488
0.015669634028223623
0.02335150739470954
-0.013286742884698536
0.02858393843130675
0.0845261906919612
0.034319136708107115
0.03580214497574983
-0.0035273683488553356
0.09575884739070846
-0.15663195930566273
0.14595269117820395
0.10560617442152617
-0.024090328851320626
0.02201544270676297
0.00845633730760113
-0.035513588420938894
-0.01012526637959468
-0.03246943097120179
-0.05391181716818941
0.0015205243778912108
0.0825788085667953
0.09394248805416579
-0.05969776117139636
-0.03428343609735767
0.00832720294340811
-0.011833252129617182
0.11480792225172681
0.1308173011191128
-0.003621887329086092
-0.006491903433841681
0.09538534307049033
-0.017792648432413894
0.011243129709378545
-0.03250209472994913
0.03572477759736232
0.023311468364108467
-0.1526581564081646
-0.032733684522186994
-0.013164684558055445
0.04133352558694701
-0.1230806121136492
0.011963206718463432
0.015490543884267826
-0.10831985342150527
0.08937152920104031
-0.017192428962402084
-0.09276751679721526
-0.005881154845037539
-0.02339451090617138
0.08135559549315302
-0.046656755538726426
-0.036282950169469676
0.007833646074916
-0.03164840321872606
0.08187575795404492
-0.04638072946445112
-0.0291914028145468
-0.025627074130916642
0.04066887602823657
-0.003619274149736821
-0.05804686963329994
-0.030778772648416275
0.00014315662207329166
0.04589802208791166
-0.09488459300810359
0.13348404499103125
0.05229590347436797
0.027117646186325454
0.049150854502792836
-0.026988240452583346
0.1022537706340269
0.03422097594847025
-0.10763104691256078
0.04791302488507212
-0.06248577887735442
0.05266829229714205
-0.0015107001433733204
0.073497055033673
0.03512924422799324
0.0613377549931093
0.004511041088032715
-0.09365628297567107
-0.011980809325506783
0.029241828682754878
0.04884640418035163
0.05824393251349165
-0.14498681366610172
0.012273845404533785
0.08213648227415588
-0.036011968656176764
-0.12047466462352517
-0.03320518865639341
-0.015841795974495948
0.09642132447539005
0.0711127878668027
-0.04524127228390954
-0.07532538815609155
-0.05805706717604606
0.10729427645110234
-0.012203907528515221
0.01981370014442571
-0.0023562591760690654
0.19179631462034316
0.15064759820129633
-0.02223609248240166
-0.06955846384028579
-0.18050460245283062
0.05687695766770791
0.047400660094667646
-0.027228818329571906
-0.06230811240334903
0.07152032540868632
0.11822576631407689
-0.10224950084969167
0.04580701264968371
0.10446673348803803
0.03989979579720061
0.024080426158084624
-0.11147360119730007
0.07657175167226077
-0.04936297000126024
0.058443996500918034
-0.00919285762764423
0.16256312623608313
-0.11675240352301287
0.017432226123103946
0.1373055769358279
0.07889400896453631
-0.03638234319128401
-0.0527538264406614
0.00428189034339168
-0.006857888978762727
0.03977773991211138
-0.08676910277931388
0.08041514314370245
-0.022968310332662105
0.009793531403153269
0.020823390754821723
-0.02660481662567622
-0.08264682686959356
0.058392370547501946
-0.15299774736121477
0.11404491016646154
0.0024584781923605572
0.031517682456768704
-0.07577938771043267
-0.09689812174524817
-0.0699412455946543
0.14408279848957886
-0.010633455310374375
0.03489011350860575
0.025446616761794827
0.05729298534956085
0.06989548162011511
0.046253432765086554
0.08228862646076761
0.0569399833045254
0.04790622376288917
0.01259255462609367
-0.04575535105308243
0.013109195097108901
0.1005593576927742
0.04284031321156787
0.09251667400637477
-0.020964159296498405
0.09690526186741291
-0.15784475394262493
0.029040321874994234
-0.07430181535460807
-0.012251536177161057
-0.08463355057786646
-0.06650070811444296
0.06258901428847981
0.01273606435997248
0.1294710637786246
0.03238865014226188
-0.012295509549091617
0.10839445572471526
0.05772065279341852
0.05141987024950926
0.0247600634470102
-0.1224442356862145
0.06797280325068414
-0.028902459512560066
0.15393633662746153
0.029065568490065204
0.007997558193300242
-0.05196580981737719
0.1878245817442382
-0.03928802972282215
0.04312493752846061
-0.021077794549167216
-0.06665079730221668
-0.08387041273650252
0.008795402375664592
-0.004583890352702552
0.059727083216258414
-0.028343730892567854
-0.11997181909944366
-0.14420115739144815
-0.05884608491762126
0.07169570247265472
0.10731353581538182
-0.013184195598977086
-0.05782564949220015
0.013169451730161387
0.06936770995395064
0.0716951921028637
0.010437658659206551
-0.014087458484979344
-0.03455438423887533
0.10611615006416351
0.10663549109217772
-0.06764144497167068
-0.032421288183553866
0.05947914252051456
-0.12274455615997554
-0.10585755872373387
0.09511069249661817
0.09661371061724937
0.0024656886936277006
-0.035779990977926966
-0.03678616175479042
-0.05470879712375625
-0.13481075452108018
-0.04917707972770544
-0.03908920951606848
0.1613125834894049
0.015026026829892779
0.01577966612417513
0.08224086823842983
0.048638822321707464
-0.1032188712799455
-0.037502493092222665
0.056117517240826816
0.008012902685048765
-0.12612723741863507
0.18722358610501416
-0.11731522487569994
-0.045806162930221495
0.25917655661348027
0.04094518492116577
-0.10352131168974853
0.023372646701304216
0.03362673830195033
0.029799771997582453
0.02064461150834775
0.11578938915817022
-0.019628070049135974
-0.1258988764041287
-0.0006527151193003915
0.1787959890638773
0.008380447087305757
0.1274615635771803
-0.010947124614523502
-0.007567173210250935
0.03989614147629481
-0.09328410615614789
0.17141752059138984
-0.04652238441684992
0.022884693352139964
-0.1047020882225114
-0.04719060100331971
0.12838488043339
-0.062070886922921543
-0.01791965835956221
-0.11608635578941996
-0.05998984058718386
0.05481411990421288
-0.09387228917791773
-0.10311659065044833
0.04858201458253493
-0.02802178914320703
-0.07009268386053638
0.06252306557090674
0.08982980506350766
-0.013296363860678659
-0.0037023763226210118
0.023037467978081233
0.010258836319218197
-0.04352516541576861
0.07736653062899265
0.013884869976667585
0.1336801675669399
-0.11691643316644255
0.12255284109543782
0.06072968186808805
0.034890047083483366
-0.033237790612457706
0.012165033966689203
0.020185921080445066
0.11639709832968194
0.09661566328783089
0.044807254301333796
-0.041630013105127046
-0.014059681853377642
0.003055576841580141
0.01599168589958519
-0.017314796281433228
0.08968650628191614
-0.08864721712117338
0.06571869707158456
-0.09902378288163313
-0.119925673666331
-0.019210534310488674
0.0649621266551274
0.014052882788291837
-0.09298708681615121
0.05953023222039251
-0.03809568189454252
0.0077392209896162455
-0.007600484070186173
-0.010189394590316906
0.050018530012144014
-0.006541646423174706
-0.17190989195500375
0.0311038108835492
0.06020890171274287
0.020364944996828536
0.0006102064238214096
0.11021348982853983
0.060605269944927945
-0.045365246643773144
0.11934254963613898
-0.10441267010345008
0.1600289627901743
-0.030706065581588417
0.022808245384013312
-0.06799634708167938
-0.015009430504319911
-0.03977253611941877
0.19647266364808022
0.07088547323608946
-0.034359067802666066
0.05190267115745556
-0.08891092637868937
-0.03444792129859531
0.03283125628340406
0.04489433192399574
0.07541624804207389
0.009235693210950583
0.1354134429726317
0.007923888177025301
0.043970275773512
0.03336864707082024
-0.11532008384725179
-0.012926899653075613
0.048919448509481066
0.005763340729875321
0.0327082811901579
-0.11504367280569454
-0.1391278656005947
0.050707337258758554
0.0607482493665339
0.015510526328046685
0.004621662958419009
0.051416409772755654
-0.09617250943147956
-0.13528249117321328
0.1086471433852703
-0.039772039438591464
-0.10074582845544777
-0.034219095609943295
0.012900386324742675
-0.013181626840239442
0.04485471207410164
0.027264060601277923
0.032469525076078185
-0.026277108270471833
0.07748639683769766
-0.13232700499619343
-0.035374442613499604
0.06246800469409921
-0.04235428856833602
0.002896075962222779
0.04970856357488531
-0.09050511704963851
0.06058040537800045
-0.2411406657203926
0.03844293108961727
0.056554433261183215
0.001761025086756976
0.052569666756209055
0.053369713422238264
0.05453512305081275
0.01147854573187135
0.05639400240672138
-0.09010730715047573
-0.06784799925573454
-4.7604947994228934e-05
0.02803618349478413
-0.1458007671199797
0.04575931194382493
0.0021838687761777547
-0.10385823950414677
0.05881936676108095
0.0999829587696861
0.03161972599600746
-0.03436398752315156
-0.04316325206410184
-0.06801697384604052
-0.06306883431913664
-0.1084954296571333
0.008735273097249856
0.11530243862028544
0.001493691313389861
0.04267667623821441
0.09662650284451112
-0.019928491842876785
0.030718890387887755
0.09320508885984087
0.12208799276867088
-0.09088564215430914
0.0891067209546273
-0.01789664986406262
0.09140348286835896
-0.07639848236594764
-0.0067971355382881815
0.06756428475576941
-0.012964506326779654
-0.01510043605949936
-0.10419554080642045
-0.1235265010276579
-0.1184314525768014
0.009488722484931537
0.06492873404375527
0.023864405082097178
-0.12667466455237078
0.04294319569314585
-0.0061348405663517345
0.02013787269784602
0.20390916841610218
-0.05247875402399954
-0.07308639161772698
0.08548149653685184
-0.049796071557504484
0.06387498968589289
0.0327832659772194
-0.032077209594814325
0.12616484735321856
0.04545608686067058
-0.07379531007299159
0.008107863095012258
-0.039311408972684786
-0.03811404692694202
0.12904294646332534
0.03687494207143868
0.10408667716153919
0.15326986025020264
-0.0940061108734806
-0.10404920630237272
-0.18949038718434277
-0.07516623658709363
0.03658480649433453
-0.024965093304623362
0.012131016730463256
0.0400726292538217
0.0808896796028852
0.06620413168261881
-0.05047225811137056
0.09898429573349392
0.09901118487655454
0.018216802906376072
0.028753374238954348
-0.02163583413756879
-0.06700803577999341
-0.07815073494286436
-0.02401004673629835
0.1142504793437146
0.0574731918327694
0.039598197173129464
0.01564181310639767
0.03567332395421993
0.016581025882926596
-0.0997694867934754
0.013585561498286472
0.015842223909248502
-0.00777820042652581
-0.0627618325041066
-0.0661645246014167
-0.06494590820471444
0.03177721154576398
0.03506529880028477
0.040018085844867615
-0.09920995430062597
0.00856463584486267
-0.026468786011693814
-0.015827778201372135
0.09562549108871415
0.112763362931074
-0.06509342786309809
-0.0069036554591479695
-0.08245993042989923
-0.006556862444549536
0.02843833215757238
-0.01764533644992595
-0.01032981812551957
0.04480000311593022
-0.006303531016453042
0.01547345502623398
0.13034935622282448
0.023948234172981385
-0.06941892290663419
0.020852939497398575
0.08714326997430445
-0.0565936705291235
-0.1697804945497969
-0.04118288862379043
0.035564689317225444
0.04799448379484677
-0.017725148194029684
-0.051550366854050574
-0.004457459310355045
0.07340200968007805
-0.051278864155894305
-0.0793683246622899
-0.08036049738596245
0.07536969283114592
0.06383498425495734
0.06530364813377833
0.12336626377029987
-0.02803031737716778
0.09351052657468566
0.07093036577773922
0.03623570440351869
0.11572706493077375
-0.08871569221780558
0.054185376112252985
0.053986047592082274
-0.049195094159704404
0.024051152195416935
0.09443459790901053
0.03518960044525738
0.009328962050081274
-0.025108024381564068
0.15988510658357674
0.056948165049111175
-0.1326842439631953
0.04365006599356562
0.07241750686870285
-0.022594146712890235
0.08190824358162407
0.10888650233731767
-0.1222651752467081
0.05306165302071253
-0.05544512676668372
0.03161293042922705
-0.08698062667312162
0.06965389535711122
-0.0028799636079140855
-0.11556085413508722
0.16906693758875516
0.07814315136147867
-0.04987593455041856
0.06048553442148528
-0.10312730601033283
-0.052249544892462696
0.12282075461755272
-0.16651738335881772
-0.14421248467023307
-0.005516262395250072
0.08614345294808125
-0.022751205282402733
0.08114729365705416
0.07495760947116284
0.12617888985846432
-0.11086530603841409
-0.058928955093200765
0.008111806850413305
-0.014654618760288968
-0.03634617559393283
0.02410578878628842
0.08255822987184994
0.003017006549347297
0.0710859945194524
0.07533180553907039
-0.045969968187612356
0.08749763651092131
-0.01939604341614012
0.03336722212216155
0.011135263748854105
-0.024285193184776573
-0.036653245765802166
0.01964299377382413
-0.07870368166251203
0.02705126566030148
-0.10776674399420796
0.005292535493763942
0.008179220227127141
0.0697252775145284
0.08545505212710755
0.011770570255542307
0.010659524035362711
-0.06079174644226604
0.11517051973669773
-0.11183875465107881
0.09392028766570164
0.04634024789474791
-0.050931054896287055
0.15294182518016
-0.09515011062111967
-0.14336189043548106
0.055061306840164595
0.12956994682439224
-0.024736954663304195
0.08996228229715802
-0.15003513190304957
-0.04885764329401823
0.11378452864531134
-0.04930845990062365
-0.001127335106429156
-0.008888797807940295
0.18156144798270105
-0.11409290885429993
-0.015054280942892842
-0.08801789565524262
0.05547094245807768
-0.053944218132913266
0.04359581175758215
-0.050068558701628685
-0.04963758781747265
-0.07347487375432073
0.03329846551645904
0.11099129308526827
-0.03485276000994495
-0.006580407739721599
-0.11559220719380879
0.03533549900148293
0.21911443215863116
-0.0760451606633495
0.03687870504738234
0.046942951996235535
-0.1219199767794394
0.04414727900927117
0.01513002931961153
0.022585277050324478
-0.11367522514942426
-0.05122836542627697
-0.051749161936097555
0.1162512073801371
-0.06382278739137356
0.04969415896068341
-0.0015536206133724161
-0.01220188997864357
0.03679639160283101
0.1066644494631751
-0.07412762106045097
-0.13666739224352295
0.030655718664810715
-0.1420716337602578
-0.006679741834625212
0.0033330368417954417
0.039800270901220805
0.017929467145606483
0.012456605274526912
-0.04414088706297759
0.06680808636411947
-0.13811192191779997
0.099042300321936
-0.08053866622062922
-0.09404833140581106
-0.010677625341797581
-0.009151217010485036
0.07870857712054265
-0.004064703186742892
0.20683639988133196
-0.05215280413166486
-0.014492013416380612
0.0014429740012997258
-0.08386709932589775
-0.09997728087679095
0.0315434556407959
0.13986825656976926
0.020301733567217765
0.1104052214625487
0.19044996629371905
-0.07898728795697975
-0.02041668399417195
-0.018705776857227727
-0.11252189435529596
-0.02547636382349335
-0.07412433274350977
0.06828132913127574
-0.09175448361245961
-0.003585476783515558
0.17860582541044548
0.12654862264644137
-0.10381912870770701
-0.014313400140803092
-0.010316250069508471
0.17783270972910534
-0.016391228679148166
-0.02370490693542661
0.12455570002863285
0.1522188443307422
0.051580941995289065
0.06804404527090253
0.0883751210735755
0.003026213685486724
-0.03533409508290965
-0.05125436021084242
-0.021770068708856966
0.11072973906161576
0.03591559016960083
0.00263666135891159
-0.002181265505309484
0.0558428375687927
0.045190360245611065
-0.07054011572260194
0.05724141061448945
0.022717979861848696
-0.09573104627487794
-0.04556207523198594
-0.1170557507208751
0.15250118875083965
0.06039542151566945
0.02022233929213294
0.09534619342472946
-0.11398148351428353
-0.006862764308694114
-0.0029392517773528383
-0.021376932861320586
-0.0009970649428785456
0.03003839188642408
-0.012668200632999053
0.06246489321450326
0.07512442715810318
0.03188034605184135
0.057229368520448465
-0.04518903059531613
-0.05833220509527769
-0.13984020461341154
0.04115373653150101
0.10574789005097034
0.0767753351231503
0.05804370243027036
0.014093276378649464
0.06750152040189565
-0.040282962315058325
0.0859997570652251
0.03654382390173486
0.10583444051276164
0.18026623792564342
0.013642914367865884
-0.06959256367220854
-0.007161083084123423
-0.007672861413436351
0.037849889642365554
0.04729880213235375
-0.0737145705212596
-0.0026934702614641605
0.03488495149627135
0.019760542042960526
-0.009735859310738849
0.10814383471091311
-0.09110488795670606
-0.04493132482595955
-0.06798913472333636
-0.096644751075604
-0.07624702623989903
-0.03291527756549521
-0.042898652919081466
-0.025569952616311703
-0.08170186703727086
0.07551190993185883
0.05987814505351265
-0.17282422082405952
0.1443272574444263
-0.0833200382597212
-0.009123958900192183
0.08955874967013618
0.053107372369218066
0.03654080103626847
-0.06996560603580881
-0.08081235133156867
0.10251283177071946
-0.11709462022653283
-0.015777406488300286
0.015826330722372425
0.0248799972281705
0.08718393082792494
-0.0930929981536275
0.047543118558370186
-0.05403819375272308
0.05406996900394183
-0.007161961432959012
0.027833734943200773
0.06977597177080762
-0.10334409952613798
-0.025925011536740483
-0.07597265272651532
0.04054257407613319
0.045191756482706506
0.06216100293969131
-0.0390693296817774
0.0444582682312058
0.0018616970326810873
0.11687840023143709
0.012238096957487012
-0.09465569941968865
-0.01597083667637824
0.07763928378166776
-0.019177200201354494
-0.029992243879146754
0.10291545516693336
-0.06954351025317625
-0.012138369128516756
0.0204804628879941
-0.04166626444104376
-0.09048494180642049
-0.009337291385322258
0.08368587192574262
-0.10407166675734134
-0.032412886734553656
0.038305929102893516
0.14183320294263166
0.0015020776765557956
-0.008983369355030689
0.017587114724254928
-0.07090954389064917
0.08203257664866247
0.12503720394818435
0.057977862612446786
0.12077656600130436
-0.0927767920867692
0.04365922401396463
-0.03690642073223674
-0.049057727318814116
0.06977595532182675
0.032637422611158755
-0.0020259492240503212
-0.02836654138500806
-0.06937607126119148
0.1475876104906337
-0.04642765626695271
0.04905810974678957
0.04632681214253639
0.03663705151411494
0.02976334517081521
-0.08468244406168562
0.06497181053952221
0.16544529294656296
-0.1006152042828821
-0.022603611698205982
-0.16412989988553112
0.029281825313666816
0.06261267803135147
-0.09548843265088872
0.005545748071450528
-0.05666927277263707
0.1021106276099389
-0.11577897828633983
0.1351485066719249
-0.04378941579058271
-0.17637096062671562
0.034630179162951906
0.03778411411391399
-0.012243627583138588
0.06830779609808091
-0.06510525665414475
0.026677440558760878
0.03233365896350013
-0.012772311059614148
-0.11560865724584213
0.04687167566293061
-0.0251797728764394
0.005380986376349602
-0.027985693034202553
-0.031148487093705417
0.011750940955792209
0.13435350095717472
0.06653592901529215
-0.013578294061228867
-0.06321904411702588
0.04172552141462698
0.11247502383816771
-0.16714203906069172
0.011718388348074994
0.07224210091982293
-0.016476248718863898
-0.08443089196581555
-0.13057455393902856
-0.03117062724024948
-0.08131354947763668
-0.1322023617604262
0.025519471366553793
0.07066997932475672
-0.1208465326290765
0.1534263769965896
-0.10669456187452521
-0.0463098129124567
-0.09506732138142882
-0.0767442631995572
0.012285254004433852
-0.021359242435278487
-0.08270680121521577
0.011129552189511605
-0.08044288034815691
-0.06439455822750521
0.018594785288760775
-0.10022427604216566
-0.08004246662638201
-0.11292752814135894
0.10925887067598207
0.04727307081325559
0.1307165150053014
0.10996941877244298
0.011147013033946853
-0.03176490542004006
0.0352879410255494
0.02921434457910009
-0.05812865347909359
0.07731741393189343
0.09158186387861589
-0.03150141124772626
-0.06936168774886298
0.021199951544851502
-0.10989066179005111
0.04893012799322086
-0.013488932487970133
0.055180135757937246
-0.0896803975957291
0.003845704554089095
-0.05969480983286858
-0.009323159898300088
-0.009179806394552714
0.12189818747312271
0.016373906717039255
-0.05917195067716462
0.008140616914086941
0.037432379988107695
0.012180421731900542
-0.11432351961274556
0.005145339238044028
0.1315645566132459
0.11494985840425315
-0.06282378331661018
0.11642764324816962
0.024938683575616453
0.017220612736485758
-0.04485080790621078
-0.16953908875383686
-0.017458257271122938
0.009732615077159881
0.07933221817138911
0.016531191919280323
-0.11815800028499371
-0.047233558885545764
-0.07486975039823816
-0.13502897672415812
0.09107787302070541
-0.058012673656332066
0.11721493830461116
-0.13547834616966553
0.02026554137189183
0.06708425861999116
-0.1263883411095117
-0.00603998969293202
-0.10661454501548104
0.13195728500678008
-0.030894999194786124
-0.022483032917479696
-0.08169858847822392
-0.038730120651997164
0.05122410538900514
0.03309308559202418
0.008058499837137993
0.17010732120055042
-0.08255227363281677
-0.002779820169966357
-0.10466305209720199
-0.11658872203251736
-0.025650222499064956
-0.0534411358107573
0.09133225240854013
0.13579320619092808
0.21809902935582695
0.14154279358473135
-0.04369596014055093
0.001413002113487545
-0.04612667795763922
-0.07012479735452784
0.05867299468733713
0.07688274590380315
-0.036855269864754375
0.09244380735846322
-0.014598585643435262
0.16709541981652865
0.19485801751209436
-0.13852437184556932
-0.04196149489277048
0.0005115156911513449
0.14597464649062686
0.0023974855617648074
-0.04857483716090946
-0.1209202664422585
-0.00897515144230034
-0.013725102759465715
-0.019782228824478658
0.016131537413330854
-0.044250275223268416
0.12489023115138652
0.017422489025395352
-0.06801444864386233
-0.0867557392990207
-0.05446858005600102
-0.028705762071052954
0.04656697648737509
0.1018864139952791
0.12839538572164913
-0.09427549157472738
0.06791366719934738
-0.020987384797947414
-0.16310773852448485
-0.017671395532728666
-0.050143324515969916
0.016672875060267513
0.17034436524012148
0.09859803514390933
-0.14505173022445425
-0.0928661850011751
0.0856938740015016
0.02656741405755022
-0.04650564210179428
0.1738217999463578
0.01407957209496292
0.020782575964462237
0.007758379098862129
0.14036306721323935
0.04797352787071375
-0.02508827519035325
-0.015623331804594234
-0.03688809346738523
0.013709604445637506
0.19000909954105522
0.004240711039181192
0.05971371471674242
-0.0783887292056035
0.09399374926823245
0.02721479455182204
0.05757812997235136
-0.006394323521904692
-0.0203603513122901
-0.0613746364321245
-0.08408051537756261
0.1419628012700307
-0.04071284780176515
-0.029633065686856815
-0.045615793015007726
-0.10178189066315695
0.022601716965908167
0.17995783899994813
-0.03074305652778375
-0.10907779541274439
-0.029882434232425984
0.017129583539162656
0.010190808420166933
-0.07940661400153542
-0.11219843403508518
-0.02418489510263211
-0.1455741326117725
-0.010854249093061296
0.027623705625687375
0.03353287373566264
-0.06400434589978662
-0.07277310136037905
-0.1339545339507672
0.18735123587727898
0.004708929116926717
-0.0678238437712071
-0.11958729463299021
0.03161638549972569
-0.0035788011154421952
0.08847044800687248
0.07390207795672268
0.0017396861254673828
-0.006286529340687085
-0.03065488227196869
0.13238464070143124
-0.2473610254480682
0.07218125356651918
0.01677175837057429
-0.05269448660814835
-0.016566848073446376
0.01113493600417949
-0.05886370925939244
0.05512031002943916
-0.06493481292627767
0.09857752765764062
-0.046486525079286585
-0.048646254043112125
-0.04495899351825701
0.06537826663523592
0.0785333399907738
0.13222053945023107
-0.010459957670361526
0.053438509093174984
0.06453892194343873
0.03148997618296856
0.2899166759157513
-0.00779162406751746
-0.07464303240289966
0.12707276414408505
0.023233703482252035
-0.07649175259189744
0.051607981702225775
-0.1592223742286673
0.02119662055786978
-0.09116766482336561
-0.005210973382962424
0.02828234746931008
-0.030219065908567867
-0.14319412656684552
-0.028034748425760554
0.03795170713865817
0.17897624533671894
-0.08907410344443743
0.040257450165359254
-0.038388586572437516
-0.0647270180864211
0.09937090817704182
0.061136672742559926
0.10129386281835437
-0.09620758195559886
0.09597937340104723
0.15436185454985554
0.02218085843682804
0.04151162309077485
-0.07619443142017689
0.03875415003607621
-0.12210468411226147
-0.011328096685317241
0.1237028755736955
0.008714158932111861
0.039118269052687615
0.10805032155495915
0.06889186536660889
0.04110870811833985
0.019899369588740636
-0.04442685795210628
-0.10881404353703758
-0.035580412493701405
-0.05678187364075543
-0.11315483955468159
0.002880248843859089
-0.0005973022671966632
-0.027263507370521647
0.1023472283612835
0.037076870356863724
-0.09642524798348583
0.0555613509320445
0.04375716931597277
-0.06573229311851791
-0.06368852143960288
0.040683784625513524
0.057728137519771884
-0.07462100217092896
-0.05658744532237594
-0.029011233746513713
0.09670625863930898
0.038795677194703136
0.09443374702040677
0.09545097586549847
-0.024768642385515554
-0.07436307471070086
0.16583988215486742
0.16598772344213733
-0.09336077523830373
-0.03503356448254346
0.13328247026993512
0.15001088716518882
0.12308780174445919
-0.06987202388657246
0.05965237184015791
-0.09041995880839646
-0.05173463881687762
0.04191748059755991
-0.01263722856352868
0.15378691603197622
-0.04231432488424479
0.05002382609754776
-0.05504312558048015
0.08239263158422139
0.05435376730304209
0.03448327618287224
0.019036081189761914
0.09667737205713665
-0.014071962011853857
0.15758495318113347
0.03980492032513331
-0.015346452192106973
0.018300892594082862
-0.01005215421467245
-0.04996002703315606
-0.015466329546835364
0.1238697660138821
0.08175142886497858
0.176448359037506
-0.1554988930156185
-0.0629018222158491
-0.0522505990826901
0.07231660038050446
0.05543054572502069
0.01792944953246401
0.04391522643389761
0.004613904643240103
0.013627464865045152
0.038748436310502524
-0.0054059388757749394
-0.04527577835151873
-0.01940000133944323
-0.021624109186832483
-0.1518679448213632
-0.006851879971862178
0.06254395797648524
0.014446781908139283
-0.18990718063073442
-0.09173700787959053
-0.09354180635573447
0.0666240895273789
-0.14720927976061154
0.21770014164495666
0.08193724449457364
0.13286648461971454
-0.04612030971011073
0.0300577084179179
0.07522044320577391
0.06981074060793206
-0.1247816961811685
0.1107901107169195
0.1965781392779795
0.016888737669462254
-0.010283819797806276
-0.012263564362463831
0.04088549962346237
0.04702765424614293
0.036790743312138705
0.06976211407119434
-0.010724182343609048
-0.04241528733936991
-0.031210640429571956
-0.09977416254892546
-0.05892927744320695
0.06814313426472887
0.030045481848987157
-0.10954371923761089
0.12359155762370602
-0.004550825538273225
-0.07691878088193439
0.14721114425054074
-0.05307645378885039
-0.13499552041100008
0.005415060724934479
-0.06803869620410877
0.19220061690818577
-0.06778502577951413
-0.055123565297324706
0.06059637851670857
0.015796308724088017
-0.09231320677959198
0.07449402095630472
0.024049271840138355
0.115821570766216
-0.08062249990380158
-0.04402704156886138
0.0519528989711314
0.05224766831478836
-0.020783484438249615
-0.014245170423579145
0.025794133362278038
-0.06204779238423536
0.057670071081767235
-0.09454437372708058
-0.030046298925065995
0.032991135675519846
-0.06710698523853666
0.0374072871607764
-0.037881097679649874
-0.0009766562213686862
-0.06313888306977215
0.02142141018140972
0.06360723111823417
-0.00310995135882464
-0.05756061335966883
0.06939473798022956
-0.027586999113423927
-0.08101540167019758
-0.02466339503398231
0.04448464641762894
0.0701171563127913
-0.08532660701747176
0.002937277908722432
-0.052472186321736045
0.04250731753980025
-0.01790692960810832
0.042706647567431616
0.09362096780605261
-0.11219364231639109
-0.09612512241995769
0.016613339420282272
0.09522838743216802
0.0027384022730616835
-0.04632297953112406
-0.03780866456242214
0.016804647747696872
-0.11476754252761527
0.014755445056039413
-0.10880084628368467
0.02962263970164371
0.14743647679321664
-0.0006848438332407715
0.05981149565614727
0.08389412162632659
-0.013073221382497106
-0.05947800851387616
-0.04155832402834674
-0.07318869498360596
-0.016635994587004523
0.011680448657599436
-0.14095050765329206
-0.011799214996832402
0.025435718646311858
0.020352744548046486
-0.0007002777463466034
0.028806950793452076
0.05642149634498293
-0.1265691037519211
0.02956257784937788
0.08841054538285077
0.004553870262275004
-0.03390935378773237
0.17557601833110226
0.006909793712998255
-0.13468079606081212
-0.11277795828295047
-0.05061829010306128
-0.1676856587962088
0.058193662872937535
-0.0441682600971283
0.0027726014287254835
0.06848836750585761
-0.012126345073795251
-0.11958082972586094
-0.13552829979411704
-0.10534513619637693
-0.18322707778070707
0.10278117974936386
0.0030924600808797053
0.08238146749172003
0.014953198486584574
-0.128045753565366
0.21625762677955365
0.017267269862044247
0.014273526330818463
0.08313607509168795
0.09154459996945985
0.24999434395200765
0.007645023126296786
0.05062876835504687
0.0074197552637047665
-0.0639054622671146
-0.026389151514421817
-0.09209764358792924
0.13845883865611328
0.05726510893841151
0.06857800920029827
-0.01129010373732852
0.12086933445576416
-0.02728874422721765
-0.05141101753317672
0.01524830448377802
0.09177836166344239
0.08495367005159123
-0.10472168875611404
0.05422238796648899
0.13229105508725308
-0.005788719333810395
-0.03637608804136788
0.07330626658264298
0.09119104723278673
-0.05693389374643082
-0.029508706622443176
0.055057686674355115
-0.05942065533076974
0.03548779906146243
0.08151598133389873
-0.009020425717204317
0.10088752327744793
0.042139952234825244
-0.06594970733290093
0.048415225426774046
0.10845855832685851
0.019862170022188878
0.01664474155843253
-0.03721483440752398
0.04303499731756715
0.04484556786746614
0.11854259263037469
-0.03915502168318507
0.05382300926234735
0.05950764725938104
-0.017467142846194023
0.009097815870465997
-0.21929631251099707
0.044447067159701384
-0.14229120499959524
-0.0746008536856721
-0.0753637411360421
-0.014526691147417739
0.0288775647886157
-0.09170306667761198
-0.1563190712191343
-0.04191125388044995
0.06249482735236337
0.0020538666065050342
-0.05634506694763954
-0.01931414271003262
0.0057754298565637855
0.004030711082087195
-0.043018952713257896
0.060053178388264676
0.1423855904345393
-0.04609981999988765
0.026977508386480862
-0.07378213223325167
0.028006180829915035
0.044000428086656315
-0.0006393666802237868
0.05976074151160722
0.036296287198269356
-0.2032907934798484
0.03137672360237143
-0.026136414199815196
-0.1331083033573135
-0.0024122909892962834
-0.1353418723450607
-0.0017036570248368011
0.0369745204675496
0.0003954479867385394
-0.019318446533230935
-0.0019027259628250236
0.040140477684577375
0.11535634050487162
-0.01774583897992848
-0.010514632823818336
0.008450419300055826
-0.020201961967538564
-0.019316919706653713
-0.03019974890474718
-0.014448028766549681
0.029321975354424327
-0.05158894560911894
0.014593308409459391
-0.056689859954175595
-0.05325251705939049
-0.049050468757015804
0.11826012213655882
0.059094616690634885
0.064335783668729
-0.024994299851420227
0.07010143526861974
0.014510928528347032
-0.07991008056105861
-0.07093826294098662
0.09251883007496144
0.11598732527645783
0.10718331112405566
-0.06395333894859351
-0.05016338940213913
0.02808332322071463
0.06447272683052528
-0.18330030042064646
0.05322346912600507
-0.01645854524486004
0.02963832060564334
-0.14709484229094272
-0.10002239466169556
-0.019742701548044906
0.06626366696296682
-0.018230776800099654
-0.1045394060567047
0.15559293658129705
-0.06361876734326534
-0.09694412714695032
0.07190522594881045
0.027007850784480075
0.03257696637429239
-0.07411518048847446
-0.10566646747747382
0.11794764235573144
0.030542226223711735
0.03924873974470869
-0.006580703012123358
-0.03749951500244634
-0.0030368993331168215
0.09028071070373915
0.009265196271595551
-0.08585812752293823
-0.10684138563100883
0.0227859075312437
0.11721577541280416
0.04978512208659248
-0.004713466037501218
0.01710087494191058
-0.013595207773761886
0.060397835791443484
0.07684472165279202
-0.059375120076742345
-0.03063589153531487
-0.11129319521572738
0.0013205430283532644
0.16569340570057772
-0.12373039194440319
0.12766034778971458
0.019233564019604087
0.011302464008184122
-0.02670239046163409
-0.038337717661776294
0.09136916606097348
-0.010772137051213866
0.0842848310140972
0.07786529730263632
-0.03520106640492004
0.0739680510906102
-0.016064221198786303
-0.03607266042537682
-0.04171531982830833
-0.07956654012320166
0.12109883106725933
0.12341421897933902
0.14095975399344676
-0.03624461129191336
0.04677355846199196
-0.02980641160989732
0.02049099246808087
0.03307504642240941
-0.10919873225876439
0.05361445931387989
0.022987569223896026
0.013281104108189317
-0.057623649744172285
-0.001238338525094104
-0.03434082569394494
-0.03166564146067262
-0.05001823899770178
-0.033400183356062034
-0.028918318262823775
-0.012991578273104858
-0.024595978094879043
0.0503964478335081
-0.13455041758458827
0.03408800439183846
0.014099697173003268
0.012259706787431992
0.06267099759795121
0.07282894724639989
-0.0033755002848516362
0.001068209778437036
-0.045766405318707334
-0.05784429506752982
-0.09194419703796004
-0.062364398280669926
-0.010174675911666332
-0.07664787530590463
0.02021637277842633
0.05785455944217358
-0.004768935901557869
0.010509858268186912
0.008663190233234959
-0.0006439305913175339
0.012718582522358156
-0.0768188812348199
0.020946955249266087
-0.05605505702014841
-0.11015217970579659
0.003900089332643212
0.10029353427505434
-0.08614561613015712
-0.027012489055195293
0.06863036968917682
0.10105950339579915
0.03659196268465985
-0.08780645224678812
-0.0016547133340002696
-0.046938511366258664
0.03565888696600747
0.011599857797153697
-0.06270873322936155
-0.10089809164137796
-0.07784604201691377
0.022503399375414825
0.07877727913014174
-0.04458158276749108
-0.11213412452505411
-0.008899938005239668
0.028866802268597835
-0.010916348684688427
-0.0436338680978203
0.024127049674887994
-0.0969790938288274
0.026079019838510277
0.018026321845100016
0.004069556241733162
0.1009405867915117
0.033212269511748424
0.036344660485242944
0.12714218266687038
0.039962284587713406
0.04844468928962664
0.0352570109089401
-0.026091200815437154
0.025994020262357836
-0.0168567045872752
0.04218410243408971
0.08067111007802273
0.057487825268285
-0.07253269352638021
-0.022017437228042534
0.0017731075358358233
0.020171524959559362
-0.05038022363366787
-0.016430180558630676
-0.019467221735205365
-0.1640721301898216
-0.04575256245066364
-0.08591277479093666
-0.018763805213852215
-0.11236102377504023
0.026605946141710808
0.1511196776273326
0.008064350799075234
0.10295543472060131
-0.016792729458946512
-0.029468494040218007
0.08458508207891724
-0.03447004761212619
0.0021965856345038328
0.07824186993016027
0.1326146328102046
0.010546300804192459
-0.057177625754381484
-0.03756431989389226
-0.09142730821180096
0.008009947582409796
0.016585755156989707
0.0049514492444818784
0.042378132067138925
0.04478943174234385
-0.02845004171447708
-0.13639311198777987
0.17302854255921613
-0.03694094977291879
-0.08218375891805518
0.022898619925797663
-0.009080385652967574
0.07572397707626378
0.03908077044331224
-0.13683384908831744
-0.07243913857913818
-0.1343378030695664
-0.02166298989544914
0.045559007046145565
-0.0949057714763274
0.02514606714559523
0.03375648393050647
0.01881464070410717
0.025978918854079134
-0.13133477897357465
-0.10301836717922232
-0.0994756219639915
-0.0206158527541765
0.05849108578617797
-0.07131605349039748
0.08258341301693685
0.05046844287990482
0.06240461171080423
-0.07849190980150958
0.12642025685443506
-0.07113681286764863
-0.05171111716075287
-0.05874339079026755
0.000547643237573147
-0.11460262882297784
0.04032872424009485
0.09993841350924215
0.089601773803164
-0.0828754508084738
-0.0005341752996882122
0.053143310798008735
0.06537395848045245
-0.06978009914560315
-0.041063523750162284
0.0538265895589368
0.06064750117804271
0.08660252573796413
-0.15946741421042368
-0.05234606720370635
0.020490011548913705
0.07508244396281027
0.01201737087429781
0.009616563892319047
0.035129020398329026
-0.1503350554706807
-0.0431346294806694
-0.06509632453318276
0.009128008938299795
0.04813236947263664
-0.002193189457920818
0.07788938148672267
0.09389937957671367
0.12167495263733795
-0.059485392716431704
-0.018853713787139383
0.07602318543391536
0.06098992197609844
0.02816207394331351
-0.06070764653842317
0.04959381366121547
-0.054123221941887734
0.0019599529160097763
0.013238498440939741
0.06582427836493081
-0.013135754337164296
-0.027904312603098724
-0.13400930393471577
0.03704226650169709
-0.019881047167845372
-0.045314378183871275
-0.036937671469619904
-0.06814196607303981
-0.016187352374486264
0.05504327101146905
-0.19630548364953407
-0.14445182523076486
-0.004406435461339471
-0.05433863030723999
0.055209659854407296
-0.028974102223797555
0.05983222289983713
0.01033130907489288
-0.03848072354244771
0.09176727097424062
-0.09836564234761198
-0.04284322979158887
0.14966828749902786
-0.1053375386841354
0.021189306249546656
0.09902664078273546
0.010662338635737989
-0.057042573101617054
0.09830107406984065
0.017670245711759024
-0.10839866457726656
0.009270771513860463
-0.0514007281720454
-0.06268934498982418
0.022154935623789892
0.15232705566230256
0.010204401689398925
-0.10439483748927612
0.08270428555578736
0.17902945309022505
0.023072332367556042
-0.1232006693105697
0.0372149366680266
-0.012600609970667205
-0.05680830819888532
-0.07215333557058912
0.0669296754506877
0.025363253550621523
0.004919012888438325
0.028775937650447676
0.021419892479778303
-0.014004282326597665
-0.005483137690023558
-0.12157434242180479
-0.029090056666699497
-0.015757418237086415
-0.040001704790816356
0.012536892432730548
0.05051418215047896
0.07624961928770732
-0.01614070878046092
-0.0018943265801636302
-0.08471784769295264
-0.019761976525642926
-0.20782583621868878
-0.12008513372637271
-0.02149455564348937
0.015518176698324655
0.03374656880288754
-0.06384928843666615
-0.10442097358654463
0.03523925518313882
0.03211296517505582
-0.12488065260088052
-0.08410164148576608
-0.12572824151806788
-0.06483075217952614
0.009407923481187084
-0.08429057172100256
-0.07365618747506317
0.044441690121787836
0.016595630453638148
0.025677551491494227
-0.027953912604812156
0.04598909080253654
0.04555128310009531
0.08575759251127166
-0.11249051250385193
0.07482558616987436
-0.005725841547240081
-0.007792773951238603
-0.10120620732532748
-0.036239880200970374
-0.007989988441439281
0.1953066230290741
-0.0766385757737601
-0.08496316889745381
0.03825406478335202
-0.0821759296446256
-0.08956411401158272
0.12085029294929407
-0.033004747488142604
-0.04969152519895967
0.03314310717131264
0.05341172065150625
-0.0022990994127058996
0.0894638645644726
0.06007783133862344
0.0759034262637184
-0.009070906052123831
-0.08858891080096593
0.11814527420543801
-0.004333251785454232
-0.13377439564843363
0.08586409910423516
0.06519345881269219
-0.04348662490239139
-0.035427504152409035
0.08155947865394512
-0.0490288542410235
0.12980948325953673
0.08087721729097361
0.03775395107460348
0.15202510891740625
-0.028389352009681335
-0.1121100548449598
0.020135249157219176
-0.017293747096002215
-0.19084634873220294
-0.036904816229857855
-0.012692908007184072
-0.03722506469219344
0.03959136287454991
0.1435919806569667
-0.08429692321092362
0.00021658471898331253
-0.0516703447903048
0.0020296048912170975
-0.019993711246061818
-0.04485688755847289
-0.11044964728955439
0.09252629965865686
-0.030300719732592248
-0.07803556661941807
0.11083692526403645
0.10478528179229368
0.0977425743896595
0.051266885482123686
-0.06226041105469494
-0.01061779201250955
0.1511602455418104
0.03541854264572637
-0.04027842418234548
0.10085623537899496
0.08535142779687165
0.031507502216814316
0.03896132947250075
0.06434088824483475
-0.02738001141274107
0.09239030246793033
-0.028420805159958568
0.049531305263632426
-0.05880049921998831
-0.16282563456259044
0.025006110789134
-0.05285688845844766
-0.08684702729457955
-0.061201892699535874
0.002195410289153972
-0.04104666961758933
-0.06421167843781182
0.007363144571155548
-0.011932919944843884
-0.10819846282639775
0.09965354763545908
0.1449197177208281
0.028699487827422137
-0.16631746508979386
0.11449801195619229
0.08978727391716428
0.0980930819204828
0.045963404485623756
-0.004537444959227817
-0.07047178820157064
0.0217546883993543
-0.020279151090259465
-0.015525724587447436
-0.22538753716769877
0.05809525960590838
-0.019410403532895894
-0.08356090654795598
0.0033982689071143076
0.08018141007476855
0.16902526876528196
0.10358184074000944
-0.22412874958047327
-0.021950719221677788
-0.07862197741769564
0.12011207968002163
0.028694843711070436
-0.0823561346619817
0.06374534984762309
-0.0043166797805241144
0.06168105199741983
0.05808926067279972
-0.11433565401923713
-0.06591797782711953
-0.023665856065917833
0.06607618492856031
0.044190354149988835
0.017675233925169617
-0.10731236481494019
0.1373206452250234
0.007494003621087431
-0.07944951624891582
0.015004084537776446
-0.03834055856375002
-0.06167321764198218
0.023736089526323043
-0.006424074972886922
-0.10537318843034593
-0.0642483533078047
-0.05685060226611929
0.15528955159964553
-0.0785782400375232
-0.04274648274237201
-0.12179540937492135
-0.12910878845549195
0.2276444337568732
0.04656210669478979
-0.12281733264719902
-0.10327689267382702
-0.026085939996362332
-0.08501829796560552
-0.11078828134237668
-0.12735042469570623
-0.09156258359215583
0.1700221996974188
0.07440070901583527
-0.037480623156270085
-0.029648886027448924
-0.0015330872039030525
0.0558260645056357
0.19768634375773256
-0.18347993563660134
0.0344411785357897
-0.08726974111053128
0.02665496686323895
0.05992942337319574
0.06891845814849513
0.009872411345234419
0.06598417217499
0.17930563994849116
0.012644755721465749
-0.03972292427391294
0.10897939641734988
-0.07903778132906558
-0.10368491299042855
0.03346322429541652
-0.012024604683701614
-0.12227657300729954
-0.11018558919957006
0.03079862683417587
-0.04887915198849054
0.030040346938969873
-0.076748106160424
0.04358471249169235
-0.026760485744494963
0.006654500036565987
0.06895638197749379
0.029014098582141348
-0.020586134599216207
-0.11128412691077871
-0.0317844017990698
-0.023287297478370644
0.058812803617998635
-0.06166589972930705
0.2048788549589025
0.044274005869302684
-0.04562113208279493
-0.05763531401351539
-0.10391159159622794
0.03561821148905629
0.054106352568009816
0.048148994122574326
-0.12501782886201043
0.10831997175477867
0.0049874232820717995
-0.06903442054408429
0.027725672898658026
0.02751626642118329
-0.021497744443550487
-0.047241591269858337
-0.0838087046912146
-0.12291042501325854
-0.18678060942045105
-0.05541133710786131
0.03205595223663596
-0.07960394764094203
-0.0681515008881633
0.07458661928843642
0.056405436658251
0.035253982264161446
0.09312970627868929
-0.045880040500953845
-0.16438208819353037
-0.06878590037124994
0.01426376203459231
0.020886272588627602
-0.03753372094433989
0.12867119600993612
-0.20625761455353303
-0.04481540227118695
-0.10246037677695004
-0.14906375810226036
-0.008035206377829373
-0.02394655612697925
0.020966828924704847
0.11353786189271593
-0.08052490832717471
0.05261339039547247
0.009067193365852112
-0.0823096990769982
0.0741143075718907
0.04399677022002223
0.09541839095669444
0.021385311956502822
-0.0013351204185692782
0.05735446236030312
-0.01595789890335124
-0.05792358896130672
0.05288561059282807
-0.16284406526299294
-0.0936809707965434
-0.043748517015598225
0.022838560516668452
0.036438477049279244
0.0642402533788044
0.009024541566898105
0.07819537771863938
-0.0320825137800365
-0.014773413340712685
0.13641249248254483
0.05946394014620045
0.010568763277581952
-0.05113890707652995
-0.06749254362925028
-0.1362650271226404
0.03739172009792166
-0.13484998438590792
-0.022194466347720893
0.06099286992243186
-0.030892593163433842
-0.03328327319602053
0.08410685975581071
0.0011630042912513338
0.058026631661145585
0.1187768643535303
-0.006585857511055235
0.051717114746161336
0.04127885875175925
-0.11253659794279824
-0.056139981529443446
-0.013963205168577865
0.004078482625635642
0.054583466331714514
-0.13035078354658908
0.1371992380632748
-0.0061121261276987325
-0.07814928486601111
0.05015909980144987
-0.035238343910153846
0.08310733869793124
0.019832222175421948
0.05244449721068119
-0.13652101086781365
0.02724394728051417
0.05407925478981533
-0.07281262787310169
-0.029903022221801606
-0.031184965956445213
-0.029366658846322446
-0.007885728724452576
0.014393440015761772
-0.00868080961494671
0.07241368627179362
0.052247186610615115
-0.09111444167642821
-0.12421824537488284
0.17699012814585868
0.06810354891987253
-0.09062858892500872
0.13350732297343695
-0.0568332533251547
0.10932552715961924
-0.007777805934863352
0.1307801389270617
-0.12415058702343723
0.0888639869363
-0.13339678371832564
0.0006690063831744699
0.08441383730230059
0.13418051294040906
-0.09204542843456757
-0.06277692954649024
0.03351722985083239
-0.01586717799578427
0.03227801827617161
0.052692424272567984
-0.06217818741863929
0.08504607836142508
0.024593229865654567
0.03157080147226996
-0.09208281488282247
0.1355009545833801
0.0038579711241911977
0.02174593863429016
-0.06964220399039214
0.06245082026113183
0.07208179095839336
-0.17950779142631562
0.05174935112420419
0.13072000454066537
-0.011565649173953156
-0.06233505855505461
-0.05191243149226552
-0.14725617614540853
0.1430760393113823
-0.09644942942150678
0.04560829618070149
-0.04732181177726095
-0.039798710659394464
0.12361808557300184
0.012784284252089682
-0.1512199825925002
0.041291420339905675
-0.10147580836403608
-0.1266262688875445
0.05699289565120441
-0.06340092843886388
0.14678900847507823
0.049218894533520324
-0.12652155923674416
-0.1206583386497376
0.17979615711181068
0.100014435854361
0.0213161032405743
0.09506196272320186
0.0561569293947901
-0.18834606362208342
0.0794529940124717
-0.035969298763480595
-0.04745150635176193
0.07828992299624359
-0.05362722795984681
0.06608539254434051
-0.05333046803775454
0.10339116914861242
0.1144330000866335
0.059738934943014174
-0.01420693699112474
0.00753619249247105
0.07663594626873803
0.05273325667134671
-0.027180935605749024
0.09928036443351515
-0.008463590938824763
-0.04979460001340046
-0.011595733724387469
0.05331168058338915
0.10732427832404515
-0.023600015179301673
-0.05462575173573286
-0.06574576649411616
-0.015432144881339807
-0.001666725007521269
0.18072006014914724
-0.02699020147255778
-0.0787994095845859
0.156580889279736
-0.08502877346958407
-0.110638366962231
-0.10527236632130285
0.06818129440255279
0.014706989794139619
-0.055838845138141364
-0.013497321890637154
0.020364380858878154
0.06029115210081566
-0.11865221637318366
-0.004491730126888436
0.04987985690970333
-0.028704429538015393
-0.011571957456801786
0.04861668832879509
-0.08657032388902305
0.03542333485348476
0.06239363534502827
-0.0637583756146989
0.022636979500363023
0.041308987232487
0.00876942601997168
0.14962360149520884
0.05460920860522112
0.06309838581514007
-0.07699396111008244
0.20518821570884227
-0.21497557937963016
-0.04424547215385788
0.02156110533003768
-0.10758387396867641
0.10571814771041965
-0.14068935065040075
-0.01255224790794122
-0.09310415257865567
-0.09813395377913293
0.000458220532891631
0.11542063775854296
-0.12097503812864834
-0.059708915762212565
-0.08549043085884195
0.05638467731071464
0.07479153492775911
0.025224553748979164
-0.03295621501591981
0.06665998549597872
0.15204678014900122
0.018185174326222905
0.032252401322406705
0.004432275301749642
0.007628361834102053
-0.08571419338471722
-0.09565789227935843
-0.05111521938010584
0.12524037931216542
0.07307113192397857
-0.0026385783516493606
-0.0035616685697547374
-0.04909931409575408
0.1732764595912947
0.028725707380075884
-0.03487734738895492
0.084917123465561
-0.09247084520196461
-0.09438848378090767
0.024445809661366648
0.0014277365482327597
-0.025258454932556722
0.015006848390464365
0.06967170764804263
0.11660982652320112
0.15365648328814
-0.0009255577088752986
-0.05574915124423414
-0.02165621114003492
0.061304655870710836
-0.04264222665056879
-0.04476699690899812
-0.10780605660954536
-0.005878600132454635
-0.0022348413634232203
-0.12740124708954303
0.010817546274235161
0.09871849603987816
-0.020934502383245925
-0.04062156328146704
0.014885495156923731
0.08481897429792831
-0.08025124608373213
0.04302237876981576
0.09444315358188997
-0.14434413695056628
-0.05344472285496188
0.017926391224977172
0.06190007061012558
0.0611515520242757
-0.014068533145592744
0.07390009098700481
-0.08210478891290947
0.020230252412325456
-0.07614969724884603
-0.14992239961798937
-0.1461863604809811
0.12386672717445105
-0.0651684771135317
0.023695394474946747
0.10675311927556552
0.028226229534356797
0.1496136057539032
-0.0956218787555869
-0.11563052308016776
-0.0902211399407268
-0.008790770336263541
0.09320844984689272
0.01134185300407549
-0.07664053711060356
-0.009315839722163228
0.06511916436704204
0.004352381504958138
0.06541986106236164
-0.07215931580910931
-0.0011042759557864784
-0.13253898513320228
-0.0811434518586826
-0.0837317331122289
0.029478310800391077
-0.0035237113021371366
0.14952672426128497
0.13184115726269932
0.023006864619498132
0.00497563550801632
0.07929323743289068
-0.07959152763924747
0.043826451817143106
0.16024936681543622
0.025403908108175065
0.1589622595894539
0.022651590322391883
-0.06589763764074891
0.03555620675403835
-0.03101224914315102
0.08110626266937515
0.01068503902635835
0.03269024120136758
-0.03694988638011075
0.0824001686907241
0.03640240451508476
0.1337153423009543
0.09925309282332079
0.03886127771307536
0.027705509371143137
-0.11148632070973115
0.14951417103818668
0.044981773312994515
-0.010325428052012045
-0.1423379938793625
-0.052361857056034175
0.053964910632793635
-0.05953071269341938
-0.0023354605992364874
-0.0157485000683346
0.06053866160893
0.008380743164128634
0.22853553376661398
0.036392819113721615
-0.11084276501185121
-0.053160360515214444
0.02807582538706048
0.1697214073948037
-0.05066325822363776
0.02792009875096269
-0.03170156925485557
-0.19527796191212435
0.1211604324158249
-0.12065943298860901
-0.13060735238560536
-0.006268837591206806
-0.011593236025246381
0.059961057314323905
-0.016210122994884415
0.3084538822069739
0.05664046257017279
-0.0025155514602871356
-0.030405560565627075
-0.013266221396626738
-0.14634913159729032
-0.11527065437998692
-0.06808713438331841
-0.0540200284731206
0.06391881771439771
0.10770087827372864
0.05803748879163658
-0.08463337778304363
-0.05976308023002469
-0.013689970823154108
-0.15087613601067157
0.034056838674160435
-0.001366293834668646
0.13395995081244724
0.09966470193988414
-0.13297809268017352
-0.001990723883820407
-0.17427159335657333
0.059272847810747854
-0.026031069697101023
0.01846823222404105
-0.011211357275558609
-0.08949871876063303
-0.03150156948026742
0.016038332505459732
-0.07208231616842536
-0.09036397431898065
-0.11866106035190922
-0.008305546385415856
-0.017045012586229254
0.08737070657503562
-0.06996088324105271
-0.0405192434290224
-0.0814326518360522
-0.11342351166808966
-0.12380419396373231
0.111380059559532
-0.0037122150616166116
-0.013797448967545674
-0.029834062176615803
0.03064582490011376
-0.18206283029817477
0.1252135592830769
-0.012611182696127666
-0.007583580785833284
-0.018830735142606306
-0.023325014871888098
-0.02458760261103624
-0.12192404781865795
-0.0024383362028108095
-0.0063507426422002786
0.0528361522158417
0.11316841664356922
-0.17481966390401976
0.003977427415734561
0.042823096402359644
-0.05494625270282881
0.0635731680120418
-0.10275984537012844
-0.059950243849736594
-0.058566399582880777
0.025626077739845737
-0.015236663703049267
0.028095941468044554
0.01007433013673464
0.06999627246731065
-0.06940888687476612
-0.048906181802613045
0.04823694202472256
-0.05689352808379293
0.15048334413190853
0.024498620788398286
0.1040993384691451
0.07419918982335305
0.04727724190059453
-0.004278903663744689
-0.07274769491577227
-0.004722569524246922
0.0672986330988487
-0.013560598593286673
0.03965151474486993
0.041464939043360086
0.10096108185814366
-0.0029333663976890824
0.01438024067549459
0.12996651130688217
-0.09797622565034507
0.06413155934419493
0.11078440377464328
0.018909035337460554
-0.08963073111916263
0.011460190402609398
0.074352028683462
0.15481270547963913
0.08777160511685178
-0.05561338908668257
-0.12206121044552379
-0.057322225654227746
0.038282080559450975
0.0629195116611156
-0.06952926467360858
-0.017477228591568007
0.051103027705434435
0.1759093866310234
-0.03427353728333774
0.10630294797654707
0.05530893173114193
0.07485325873125703
0.004078232564927005
-0.044325375081295484
0.04494911095321215
0.0783095625824054
-0.028373173784721064
-0.061105768804421035
0.1335854697012754
-0.11469702495485312
0.15941666400053034
0.12719718024834187
-0.05441328203256398
-0.03199150798772497
0.03643470139099717
0.07420129142414386
0.06874448846766366
-0.07694529205650458
0.14451458148813642
0.009640479086910934
-0.025890349240998072
-0.06017572153667664
-0.03178222727336873
0.10731461518313427
-0.09319062164077666
0.043490342064260244
0.022496512061687485
0.22263755994036005
-0.0028551007037241212
-0.07021239037424813
0.12716251846635543
0.11464569437201125
-0.1819052770810103
0.06828784781259369
0.05692911975673342
0.0024833610048683613
-0.04999935543620336
-0.18574256630722982
-0.0452561368954184
0.046260514607083414
0.032339427202018836
-0.19481284554671444
-0.04033547503324779
0.14139632198893667
0.09186577407553656
0.012572343477530966
-0.1292779949018403
0.20318098962850958
-0.009258691900427815
0.05674089179198264
0.024566953230564383
-0.04652195160666535
0.04092146798835192
-0.06522272434364672
-0.21723160892346738
0.08252362989133953
0.1571695645669954
0.08746317266121455
0.06592422582096633
-0.06108704045872762
0.06507121919433263
0.11987206879444584
-0.18581784619105757
0.08772769241149973
-0.1256752051831569
-0.0033680090658812323
-0.036879750927408236
0.06408036764128687
0.026927850385390008
-0.05162049950609641
0.009115571986398096
0.028768088181763983
0.018429136752620687
-0.00564631143788035
-0.03389534255711376
0.0002446216318313413
0.07190854342900209
-0.04797279953379669
-0.05882213129074837
0.11495839594327305
-0.16038902568856606
-0.009700038650315396
0.020371314191634834
0.06391628398702581
0.024790184428300183
0.08609603381905193
0.005559411199140341
0.10747080490376183
0.06627773326533232
0.08697782506424825
-0.0686091499605546
0.062382994741410756
-0.05294249566341321
-0.051302117358582366
-0.0446089797001606
0.00794939967683416
-0.06977747151618491
-0.12749831426753241
0.08458206562383612
-0.12116890298933836
0.05502278092074432
-0.0811615542979802
0.22355217807951913
-0.04619742878025243
0.13201295640137223
-0.0025670972478682493
-0.05091602929506723
-0.03714067377891323
-0.023902873901042506
0.14642489892636534
-0.05929794929745924
-0.05968245289336462
-0.04219876542373065
0.06442464294234448
0.023229236406786886
0.09658270806514883
0.05471570339691493
-0.003803185966344989
-0.03710236694476937
-0.032887066714939454
0.018254845700874864
-0.02671106117154178
-0.07386447206875044
-0.07762194169491989
-0.09469357536116647
0.02321740540452913
0.015415119184271223
0.0036147800666324176
-0.1531671088360507
-0.02886697557600602
-0.09345747077214203
0.07958227040557271
0.08736571065479248
0.08746272868185542
0.09795633607479748
-0.03645670773845982
0.024944466391959796
0.08188796734411197
-0.16266286758241968
0.019331192477598746
0.027302610763854564
0.02786235541550923
-0.06966510087711177
-0.03164244662377521
-0.03730248343709444
0.030516127209227053
-0.14893988030352948
-0.07126802372413332
-0.03270893181326025
0.059681079919603724
0.07795752852146468
-0.06354532273116972
-0.06889666960692355
0.03853511078860794
-0.11954133637098259
-0.0003190743799735195
-0.011960892757787406
-0.03977670996686654
-0.01832309307174002
0.03478477168686117
-0.10785616565608677
0.10458684911011083
-0.04372020209597815
-0.13500917644087437
0.006556797997818183
-0.08371872404238186
-0.027941328971306113
-0.01352058372298387
-0.044910655144118725
0.19939104494484958
0.038692667199416324
-0.09375389252333588
-0.14982186722018684
-0.0079201962185473
0.07244390271646403
-0.041977259814612734
0.001756081805267698
0.034593595321417106
-0.09597109283535855
0.04152000490770455
-0.01665793074430196
-0.039216716816389725
0.05422888286464939
0.04956776626795299
0.11709169925762883
0.11554301252674304
0.03332908347067301
-0.18182972604140907
-0.013413600951912259
-0.07830859908241404
-0.09776946421375665
0.06794132335892743
0.09039450664733838
-0.014266923544406165
-0.0014398832471718792
-0.0480999033467696
0.045110077523488994
0.13932419711359836
0.02538172376387843
0.03065254441929052
-0.05433014815603039
-0.06572796409209487
0.036940264274697605
-0.02838866255599586
0.08656388029399072
-0.13781822779527247
0.043676514704507514
-0.03858920817861092
-0.10229838683066574
-0.06892518626951125
0.10701846667232183
0.16006169462823164
0.02359521032288484
-0.1419518941800677
-0.16012703140722662
-0.06181348546339693
-0.03625490118549698
-0.0950954232051
0.0765370720373615
0.010067517486298899
0.034043168331070496
-0.08608561085151503
0.07219766305902078
-0.08827779439155549
0.1146687652497893
0.018826161448563063
0.10060378749973894
-0.17948840908232158
-0.035225696690289986
-0.15423620329335003
0.057951754673290924
-0.07117129035120785
0.10113849299340784
0.09360448800859382
-0.05831776733650688
0.015048666667695497
-0.02754210052490007
-0.15526282177971687
0.1295116007024627
-0.03626079671727004
0.020927951613746755
0.13832068474680032
-0.06778599181067467
0.034016044712378506
0.004956848309419786
0.10536883052750802
0.0742394790906501
0.027276352025300907
0.0736217595363387
0.08098532563488803
-0.04313726030037235
-0.10030082814316518
-0.06287911600165434
-0.15644350507355725
0.05387409116867636
0.0025467537892611765
-0.11056459068162909
0.003261749033626425
0.014304468061609073
-0.06456181622966832
0.11872245392245832
-0.019497760263140065
-0.1565253698645938
-0.14175591485962516
-0.018863773103589214
0.01242071154933179
-0.1288340371275241
-0.18246585933986118
-0.07240185559260447
-0.06220416193428104
-0.029050716465678358
-0.11343431090868078
-0.07111219128617917
-0.008787613874910302
0.14527506554269454
-0.02380796160728945
-0.19929617707813393
0.008998444383311786
0.08574457971481143
-0.09892971482181934
-0.03974127394107047
0.14878162748836166
-0.13503102147653875
-0.04678668969319334
0.03017256445786404
0.09675175849499355
0.035725003535132555
-0.005538911936398306
-0.04116484426781648
-0.011604285648562343
-0.09257638053137665
0.021858138320859588
-0.05748687517084511
-0.09631254620333604
-0.0063833012369809055
0.03879803396545642
-0.09013436600947543
0.019235354609388897
-0.1505687003038699
-0.06004493037018653
0.1064655830383326
0.09962757972683253
0.1357749623891235
-0.07950099723918766
0.08730435688928039
-0.06174279199516005
-0.10065251894193582
0.03277569707255175
-0.03376343371006614
0.10566842343974177
-0.07062150389283503
0.10989693506969206
-0.07872126886958335
0.04308885393018501
0.036004753648473276
0.0015620722478611993
0.05485833605074349
-0.08811189542676756
0.036958775295760644
-0.054548225732111606
0.08264729852781816
-0.05675817401454908
0.18234856473070507
-0.15392369846387693
0.08161569557069125
-0.060640478240704176
-0.0724992186206401
-0.06196248817217087
-0.051794468193959435
-0.04540616358015808
0.09059028598803485
-0.06278536598616863
0.008079971312410476
-0.013620300013822353
0.06967094509982208
-0.0643868798078821
-0.03272600830054229
0.06607979877846304
0.03597670859989338
0.057485275883531584
0.17947389081775744
-0.03230289482997481
0.06606737121421154
0.016615137521506788
-0.06960842413147687
-0.1254880315529331
-0.1311458995457113
-0.028616419835983762
-0.08811037360012015
-0.08601939514167965
-0.02062230447808898
-0.03454186002941825
0.20605440513706647
0.10457512728067297
0.044763076998321
0.07765290365048594
-0.014443020017218249
0.13961437087838738
-0.11951135772948558
-0.06368617150521484
0.030683976179869267
0.09668046927896531
0.09113294147460829
0.08183936790406937
0.07476594287129737
-0.06162795431614147
0.002704617920437201
0.017917709259846596
0.1087871295216942
-0.04312852421119819
0.05517543812554023
0.015248492908808222
-0.13809416125440654
-0.1535761394011248
0.06550924565570489
-0.06596222233183775
-0.05553716819411425
-0.04791989903717573
-0.03429037120273915
-0.0302949986419335
-0.1743956575601831
0.18983350605553942
0.06144386383997418
-0.05617302262863687
0.07634045890845229
0.06146946492283236
0.13888887766685923
-0.04143788765079886
0.03172645523433695
0.1311259448041655
0.031601830813176635
-0.04241067884622161
0.08036703192607277
-0.03155205813413411
-0.037800823463830804
-0.007988731309826816
0.04078872806004043
-0.019190426681466616
0.09803934192713257
-0.002098776026881738
-0.06825317057422554
-0.025218755261349507
-0.041338740478060645
-0.07471859156016959
0.06879072109149748
-0.08827024790496697
-0.040006284256641184
-0.00296178374195038
0.1166604927665773
0.03167967559185243
0.010142752422375364
-0.06339427552714728
-0.07079467689677664
0.00998082443932904
0.0021380605202775556
0.050056865834174964
0.16826912233250013
-0.029190442599210584
-0.010209514405722726
0.09859652273519531
-0.12821706894576138
-0.05518183477641477
0.022397947550973903
0.027050690994506504
-0.09407795646031489
-0.10740347358254784
0.07778073042247952
0.058437042109639244
0.044933849631409443
-0.005849485606830488
0.08287640450991322
0.05968985733405701
0.005934804605082147
0.04524297336669635
0.065894900036881
-0.06434527435741842
-0.05676698681826189
0.11423249739003152
-0.14576393224635187
0.036745425389049235
-0.07245944368856015
-0.02864152142309675
-0.0891301344882167
0.0687060318230721
0.0214100896873958
0.04949226566061668
0.1753182527621782
0.04050319844570359
-0.05389861277723622
-0.03409960345125756
-0.016941145397434014
-0.04573276151993941
-0.11738696334629832
0.031987460113137786
-0.06687018531152848
-0.1055110934893118
0.038400614189936795
-0.05909491857435376
-0.13154209101248357
-0.015542486746628328
0.01775711980040714
0.16341472593583573
-0.019481791317264893
0.20103598441079976
-0.06636733736003962
-0.026632653881798078
-0.1534798277126786
-0.06931754027723168
-0.09416745064844814
-0.14878630115012145
-0.05577639326674814
-0.04065418991685351
-0.0780558618976923
0.07127882278042928
-0.07150143231197605
0.039815784820693804
0.02503714603163087
0.025575326786150182
0.05654168868471777
0.07201647922771544
-0.027268083509067745
-0.09488920784041385
0.01338765249911228
-0.01926072060170939
0.07791239755856212
-0.10341311034745435
0.036636813022288175
0.07451400981895205
-0.13121961876587246
0.01598631365350448
-0.02902022677089073
0.020087219655321256
-0.10089712100662965
-0.03328524119132982
-0.015539893048050254
-0.08824630352536715
-0.0027024526552370354
-0.02126632349672053
0.02136159479267308
-0.10962029860714925
-0.05377643202155753
-0.04300295234606015
0.135425354597744
-0.0381697307475033
-0.029231037660268525
0.010038208800309206
0.03538731737591973
0.09670989201069344
-0.05503930962127903
0.059141225495795265
0.12138373786716804
0.006035327044238218
-0.09637368955814023
-0.07284501942829254
-0.0928139336840651
-0.08515750320067092
0.013011544898296064
-0.07157425927418727
0.03130825807057284
-0.07202458983219749
0.15497849464277436
-0.07528194847684777
0.008834049719261876
-0.03601712301649163
0.10414492599302408
-0.07468385385578541
-0.10097064360305691
-0.0440252769023323
-0.05230565865845455
0.0846467950704624
-0.008543505882318534
-0.0916238117846462
0.0170307274445558
-0.042439410127220065
0.07045593547266735
-0.18080862221237726
-0.07646517578695256
-0.022698005796597625
-0.1488992996090575
-0.010801769748434959
0.1096263963018758
0.07393647501893337
-0.055444232554631975
0.1162418467511461
-0.04052695182032351
-0.011720211778397565
0.037296700831518585
0.026370790546596235
0.10408846450641929
-0.2507421577190602
0.05337175253787931
-0.019850416893606046
-0.0330843096777796
0.10921289945087896
-0.03567773806132639
-0.1538862696909001
0.03710474084512748
0.011431827491141544
-0.10987491850189461
-0.009504678902488753
0.11764324947734721
0.049078741673403654
-0.1066411391233833
-0.03157818062454591
-0.086405342108773
0.08901296008744783
0.16926868629198674
-0.09239455121567186
0.01865110273505684
-0.030487849381369427
0.021775115187754053
-0.06355010700097663
0.0966018194963687
-0.010889127192730344
-0.09189717130597565
0.08168243693538335
0.055684567381097984
0.054944917665620256
-0.05457592495405149
0.02654389359365307
0.11533053010543992
0.092028723699495
0.12946595351260715
-0.20328013466875433
-0.04732871888194709
-0.008837868662256325
0.012242060038880245
0.021038849428235938
-0.13151282481748106
0.03392809503706507
-0.14846778028251695
-0.10755595905800493
0.009496210385998976
0.03773728284282096
-0.06580995830576972
-0.11648818013099281
-0.0011602083160398425
-0.038029959847264184
0.026745060658500876
0.07887274942095428
-0.058889691445015976
0.09465150833232844
-0.06083519910072421
0.038783181697657224
0.035315731750745795
0.027419835872247687
0.04817350452786643
-0.01230732450907788
-0.14017556737757506
-0.056055513060309946
-0.06612204120006898
-0.02796224986331698
0.08499824234991969
-0.001479130731444061
0.14507106484355775
0.08674370917585274
-0.0015854956472176032
-0.012879019520523264
-0.0599436609347674
0.11800694962645109
-0.015606923667415947
-0.14531181147472488
0.00993102264844529
0.025746335655397728
-0.05425727156798902
-0.02587619307693056
0.0986017240582753
-0.023598022018142675
-0.10150271950272506
0.09662583130747424
-0.003222565273185725
0.039219911758658056
0.18500344538659153
-0.09519222786706905
0.09778312544935804
0.08660260574155272
0.02054966354714412
0.054111880725467014
0.13912590818390333
0.025962272469966182
0.019056023477735277
-0.0695019510444394
0.09831946815629278
-0.012254187275470488
-0.019058033894812764
0.10528238696800257
0.08151732745923596
0.08259880868123169
-0.032632834815482126
0.015996981298341397
-0.061378463952575235
0.09791376281835998
0.02088310365692232
-0.015264848601091117
-0.04772316723590307
-0.06828098385747128
-0.012582106240186654
0.1414251368060783
0.0998829645432078
0.07403516350986722
0.11056937808597868
-0.09659677801592255
0.10933847788320977
0.008655787527837553
0.10068167027915728
0.027342577556519733
-0.10257350714197734
-0.11318248686321605
0.04061199268949389
-0.032020950925056274
0.04240291712851851
-0.30318323949518866
0.14632263488108396
-0.08087722500481419
0.08830781058569792
-0.06052176564352669
0.07697438182912707
-0.07749312512315497
0.05089006723560682
-0.040975919507263446
0.012057035713291742
-0.06164918685346434
-0.015141483756608133
0.04767327985025337
0.028345623868576326
0.04655032687271306
-0.14071923531733896
0.00226990128590528
-0.1100739486825116
0.04630171376632256
0.023376342144244944
-0.13991171801957009
-0.1065701477808025
-0.0342389436700817
0.08665665991662659
-0.040504344302832625
0.10276229964653207
-0.14217509499956513
0.06450313201428852
0.06141861367731309
-0.03232995461280447
-0.030284447404484462
-0.125336833476447
-0.11739704653846678
0.07038125226249148
0.14677035614784406
-0.13031791011880753
-0.023247532238096988
0.20433123426251992
0.045475808071321226
0.1288927824252636
0.11707377436106949
-0.019757040497470263
-0.09101706421582596
-0.1521357554259225
-0.026617862185483204
-0.051080160509055006
-0.07406829906369841
0.08486450865845326
0.05686460880896181
-0.0854161884305584
0.08512939021734833
0.12254149831738989
-0.2156945918999937
-0.018566707347763334
-0.1072169437906039
0.1627646411286563
-0.02856488132489549
-0.0514896822890063
-0.018757767146242398
-0.1445356935342329
0.11828825119379072
-0.04176897467925863
0.013634078435252396
-0.042033887625729634
-0.13575096160924227
-0.005615506553999727
-0.14603461293816972
0.12028544857105013
0.11598311234834909
0.08844199544553608
-0.09419111406502349
-0.17713945383631433
0.013971625342265695
-0.0461742903765891
-0.01018381498705722
0.11669539566428436
-0.020656148746711765
0.042318235128577915
-0.13027282404857932
0.1260674241956632
-0.12133955765233145
-0.07235905056896541
-0.13873381630787485
-0.041779284544201316
0.0435122278431545
0.0573851592545769
-0.0502408456138521
-0.046410720653716195
0.13347774868767898
-0.01964254935820521
-0.05976669271673679
0.018796462008022402
-0.05364015088537666
-0.056488538844293085
-0.03866422857879878
0.039998073933515246
-0.10444457159450467
0.10472755540494397
-0.03426288617207158
0.17861199712300788
0.028019821690634685
0.022995401846589325
0.01387574964394891
-0.09764828340853658
0.1020480704937129
-0.1404539671588889
-0.030498472333020606
0.04636035107368052
0.0453992016238949
-0.024453230831736304
0.11924653858232392
-0.025578168948602868
0.0334769197723323
0.04281524385866736
0.05250189450933559
-0.10219882671052663
0.0866890249728945
0.06320597351921758
-0.1848157042471461
0.06711659221789147
-0.06103677269369558
0.029267220402184557
0.11253524676300738
0.08145630055460615
-0.01725139341541369
0.09213755278801519
0.06871440255695353
0.03792867518929682
0.01262373659325878
0.014242708610538517
0.10513816876626503
0.05315585407340213
0.002313204535995355
0.05964018933136085
-0.002985170616687918
0.02790221057236885
0.04182319022884751
0.02937260787681222
0.026557378210226138
0.047585560025388975
-0.040492751964316155
0.0338568892779406
-0.16402515793374764
-0.008415227286391795
-0.052405520341817835
0.04070651518609093
0.020605218921089345
-0.013454136992517246
-0.22118158438160354
-0.10923590361783977
-0.04856619464126415
-0.0780372694603732
0.07782616940634224
0.06308236261543873
0.012410997579971644
-0.07686017860988427
-0.004630789869762851
-0.07718362584324245
-0.11593646966350213
0.012296255152200895
-0.011020246909584098
-0.027352233559818022
-0.17435237320226224
0.10158571802134031
-0.023376849348968044
0.00014869655501954516
-0.1483232004276078
-0.04369905492942167
-0.020081536798322152
0.015627043682559526
-0.029039043604856717
0.0897482189713666
0.02218051548908876
-0.05222343603265361
0.02234119753331079
0.14820985265821165
0.08125695532626477
0.13136459650611773
-0.08064619522318216
-0.11761725287453556
-0.003567855917661641
0.08466947375203994
-0.03200817770979236
0.10174094049018374
0.019027265321440764
0.0109824026017403
-0.024330923821704244
-0.11908653770907958
0.014650574868002229
0.12016462944850453
-0.13360254290521673
0.1149758668098873
0.02964128964817465
-0.09949007952173336
0.12449916301405996
-0.027618579862486416
0.0004984285665487891
-0.1151613995962587
0.005446992588092196
0.0419882927797509
0.11117628528621981
-0.25981611908375213
-0.029948338092786173
-0.10348939606821941
-0.016853356092939066
-0.03743702846236968
0.14478935235978502
0.06719201635790771
-0.03422908418179641
-0.013218316808794449
-0.08011699527477248
0.06046422891566605
-0.0784709625375653
-0.042868691232674935
0.06432282247918195
0.00436126172907695
0.05305249501519106
0.04849735455879233
0.0023062761034321724
0.10803177890269991
-0.05229684873294378
-0.06132243436680244
0.10506185874009807
0.12466332285890135
0.07749461506183551
-0.023786871599554688
0.049490443768500744
0.0010721234848362349
-0.11557946475955806
0.06032154768826341
0.0042769492328532666
-0.10106469653904528
-0.07633289604786453
-0.004823676497339699
-0.0019120066079726058
0.011445350633576436
0.12124015393052505
-0.13779988764024156
0.015622742986838427
0.13681768600935498
-0.039153303480241444
0.04272743701574985
-0.06728687180991795
-0.001473852287617523
-0.045930238637336925
-0.1016270780874536
0.07113799203291843
0.040684809842264275
-0.15791879013065635
0.05281305971507717
-0.015496470901733452
0.029822163699531657
-0.06747451496958547
0.1658422432340107
-0.040225575684185444
0.039039273805620826
-0.026984129297160132
-0.06849045927806047
0.047076099136262595
0.007759119299629049
0.021660135071799688
0.012172747394619786
0.012230456094245277
-0.032178996540072904
0.0507632020303355
-0.03182201047388147
0.061262652467151214
0.037161923093175946
-0.11315577525210971
-0.009425986723355111
-0.027890086003808295
-0.09956983266522974
0.05631506104447499
0.004230792113282808
0.05680522906252649
-0.14884074791679028
-0.08931334598836906
0.026682361450628935
-0.15763176620067929
0.006992836337824315
-0.01638546737006319
-0.04964152149609863
-0.05316399188114641
0.07780740522004435
0.14147167098466026
-0.09285995823337678
-0.01389303264240855
0.039789514685647745
0.10465094490546112
-0.06634331486715424
0.035375726012283074
0.0010700585611945965
-0.07776837958197588
0.06257712651989406
0.012911097544436114
0.1127812016845019
-0.06616003012358748
-0.023950934198428312
0.005415802321712917
0.078721151329514
-0.00748344267140815
0.13417285210841823
-0.1448893833450552
0.04353398893184398
-0.15461776542051847
0.042293313475242
-0.026010978271568844
0.01114297286433095
-0.04343603365539822
0.03696886970135932
-0.08973479216456803
0.17722127387987985
0.10190967849642943
-0.15452495263325425
0.026732458277544204
-0.08399808113881425
-0.10162140684974323
-0.11529954645091317
0.0628578613290587
-0.09535402259419616
-0.05786699976143281
0.010129711451804777
0.006991278587467611
0.0494497968672933
-0.07315952194294252
-0.040306101528250954
0.06104385456430512
-0.11318991271462535
-0.06707941819638333
0.11618890158085694
-0.22380645638459473
0.0001792020668136787
0.07292386711396345
-0.0025004913859150634
0.012499402692726758
-0.06670381126146568
-0.01905951365224279
0.09691241693327612
0.06554741732535091
0.018237189935662493
0.060129266543291315
-0.061469511398183976
0.04946069694582092
-0.14597923450554354
-0.2368091245601461
-0.06302980669223728
-0.11954686628031812
0.10273211856746749
0.026783249832898343
-0.03934357812323322
0.10189677400677721
0.03414792629143313
0.0978954124780183
-0.13706405033828598
-0.06708131847513336
0.08121339804113667
0.11093352242411547
-0.09204096102325689
-0.034222470883320075
0.02066031828418597
0.07183258606564304
0.05755065962863244
0.0904209354804729
-0.0038488787450762863
-0.030475984908994846
0.08193680944502922
-0.03274830211200464
0.12777948532576588
-0.0775259722328327
0.04368733273042882
-0.14100695219207268
-0.010416725768206833
0.0458650337750606
0.06456759455743799
-0.05941405381195449
-0.031036460828836855
-0.10049941930422948
0.1631857979522005
-0.05716647756852056
-0.1220822039286974
-0.09606478277574247
-0.052788490806669607
-0.005975476143490991
0.12149922181722003
-0.07292847036411707
-0.01316514393501983
-0.13338136151248903
0.07678925665113223
-0.07740778458624917
0.07365212869316318
-0.1479312093132729
-0.10391104532073524
0.12194894780968321
-0.03638048196577545
-0.046993415381273065
0.0307744758307901
0.0553961155607797
0.06066232228177367
-0.02002852878211855
-0.006211397916001203
0.00951122402701896
-0.08600428096087157
-0.0822476073455187
0.03214207751288258
-0.07401498076822416
-0.051081673411473016
0.002338761513209228
-0.05415681546849378
-0.13717365384663302
-0.05936117611365366
0.03500835084220139
0.044733656218662946
-0.04997770934198137
0.010043774544623548
-0.0038742438423745775
-0.1348636387812406
-0.11184946979409563
0.04103266088367126
0.1663102375487605
0.09891917191106897
0.013926750460041009
-0.23833584801904764
0.07268292711720718
0.07105961122852365
-0.04508047673571695
0.02498905753097225
0.021810887674060777
-0.07880473292482738
0.113902126578799
-0.02408417485932638
0.026481593571655537
0.04671672038487287
0.013842376970893782
0.12070961059983815
0.0042983725469252065
-0.025758713919464347
0.06895319992958414
0.08673299395472847
0.0550384210413832
-0.02629140709583283
-0.1020832428628685
0.09697271279641717
0.06611386918249142
-0.15438673954200166
0.09982033257274708
-0.16995847450887083
-0.16673263788646664
0.16087403097802097
-0.0030935962131648205
0.05726200569625862
0.07001123898659709
-0.040149562169365965
-0.023514940506136294
0.03517353404372987
-0.05378611841459663
0.08356067563701436
-0.10801841394639676
0.08733555506138783
-0.028320438692752352
-0.02024767867798264
-0.05957480615879551
-0.002190123881567071
-0.005444105892813519
-0.0246481334932991
0.0351579030526149
-0.1551346017503514
-0.009204454970141529
0.09802314197104
0.034109358032475015
-0.06390778140148731
-0.1364352212914582
-0.027547093249740993
-0.02048593197719371
0.031994346163815565
0.10984657554919251
-0.02684928386253149
0.008924298118582578
-0.09655407031800893
0.04822512861454173
0.0029749729363013223
-0.04061137457551969
0.05585010095189314
0.08956759311563302
0.11277200055927261
-0.09711191437825942
0.1936404793499526
-0.2140736402908335
0.13548369972311344
0.07496830147715544
-0.013997070551468262
0.028648115411249685
-0.08684155169659379
0.12498067847952798
-0.15177368587974646
-0.10825109203324582
-0.035661262713388035
-0.07596979760592283
0.02647503824535069
-0.010151775823524858
-0.021136109357888486
-0.03425345654354378
-0.1934399524633452
0.02957796992875732
0.05284158535692374
0.08153960799368522
0.04165029594423123
0.028855860854768295
-0.020425654107817496
0.1697201923520084
-0.0336609718121722
-0.19207317353401102
-0.07630225582096141
0.1738913718061772
-0.09206564408777412
0.018929962143152505
-0.11627389722825358
-0.08757872768132542
-0.022454481724326483
-0.09094576279260082
-0.014101983841979407
0.0847722996283009
-0.04682230773382228
0.0416309325073805
0.13679834182170156
0.12763953556057778
0.06634281030986078
0.035426686888431584
-0.09731459036778439
0.014442217164440978
-0.047258191676264154
0.037277071145563945
-0.08265072424667577
-0.03998105635435817
-0.06911512326969939
-0.026304264891529355
0.08024013989212643
0.013184809651662589
0.1345590870083222
-0.09180924532774733
-0.024745758281436644
-0.015567774551333303
0.0028677103742941173
0.0204669519646276
0.011015305826230335
-0.0682171484639517
-0.011716428569876421
-0.0181771543972424
-0.04184234681408843
0.1198789877857953
0.016065126314570438
-0.014195910314808524
-0.11602000092598277
0.1281820434671427
0.002921218907383108
-0.06707961877328308
0.004601948336375784
0.028125750323586236
-0.009705585505748971
-0.014947452577900212
0.09276387383009137
0.10396299581030784
0.121708114717572
0.1465810036924044
0.06690675818762443
-0.009898036910564224
0.08225455526916756
0.04946457900790012
-0.04981005058218001
-0.008983452967256386
-0.13890794497728925
-0.05023288638031099
0.0643316779661637
-0.036823561403341136
-0.07895592489067119
-0.024093270367704995
0.14746810605596683
0.016177988417202555
0.12685537679765885
0.09300475297653456
0.03374948541256926
0.007093856541110645
-0.06615189874496034
-0.182312431442493
-0.050309822591537996
0.004941126194122131
0.012174713537829656
0.0932726492405998
-0.019257577703052222
-0.17231392678383703
0.007137570275494223
-0.020946923973327005
-0.0517570440490163
-0.1122645494742927
-0.02502649692161087
-0.12752482862404393
0.06372589055606255
0.04764396218379939
-0.05443417980100372
0.045742122211717605
-0.006415310322999524
0.06116761088933219
0.06901493250242054
-0.013247891398980707
0.11735324248746849
-0.06833583074316256
0.10440158210220782
-0.06440072855542713
-0.061212109725086825
0.019859199540674017
0.01361588833711182
0.06664977536067584
0.05295616656286004
-0.11987671862479243
-0.09829132840211974
-0.042376446271799956
0.004439413600548835
-0.05498488034978467
-0.04998515259562653
-0.022172287568262047
-0.010682538820286074
0.02688374625307211
-0.03780272271946205
-0.01221998265503252
-0.0736245638348807
0.009201215705421572
0.12467039695643259
0.08587460401608972
-0.01664365944199752
0.06326506227734101
0.0014912626817662178
-0.03189662592539947
-0.04245187523656256
-0.07220431791136801
0.010685128202726048
0.09253689134663538
0.14895122412932463
-0.11483768803073119
0.1720515474253685
-0.052240491846920624
-0.056786859213545295
-0.018229714686507786
0.03708521867984333
-0.049741442707429806
0.023652736838142664
-0.06866566774290682
-0.05282030391573323
-0.009715521747012632
0.047029925591993926
0.13976850799512705
0.017119359628511518
-0.09480631221160123
0.16205405987865046
-0.051504381659176916
0.1498053549715799
0.20546575442737403
-0.006561666213771533
0.05798916537708809
-0.03442254062198807
0.0557555139965235
-0.13902586064960648
-0.0407703254445147
-0.023365075163202933
0.07412360081852225
0.07921845770771309
-0.09987308170780577
-0.01079207098352479
-0.017518596484835405
-0.04689609402052675
-0.1128995545220673
-0.16201063881693537
0.17399233172798545
-0.03563741669044621
-0.008220667094237846
-0.0580680406905815
0.07583545577854699
-0.039239643805946946
0.022420806230330367
-0.08870158575924382
0.04553390564757562
-0.04176412495042126
0.02465018144650128
0.06373985585800272
-0.050272880181389576
-0.05330958603754126
-0.057041206497434195
0.16064942631193377
-0.047671920894642325
-0.005685486992741261
0.07675005220162154
-0.012410106334826747
-0.071817482150745
0.010657532051759424
-0.10474287383692814
0.07012925431165884
-0.059837623760855684
0.15870182594211665
0.07724893249180116
-0.0859213034983813
0.056093694208840986
-0.09496111892676082
