0.0
0.0
0.0
0.0
0.0
0.0
0.0
0.0
0.0
0.0
0.0
0.0
0.0
0.0
0.0
0.0
0.0
0.0
0.0
0.0
0.0
0.0
0.0
0.0
0.0
0.0
0.0
0.0
0.0
0.0
0.0
0.0
0.0
0.0
0.0
0.0
0.0
0.0
0.0
0.0
0.0
0.0
0.0
0.0
0.0
0.0
0.0
0.0
0.0
0.0
0.0
0.0
0.0
0.0
0.0
0.0
0.0
0.0
0.0
0.0
0.0
0.0
0.0
0.0
-0.03129889070309463
0.02735953362517856
0.02129376098938495
-0.045558808273089654
-0.09262792010673876
0.05469358612805581
-0.14010530966701185
-0.02816359627883696
0.09305214474699626
-0.14491978145452378
0.06946221737985932
-0.08135035663773742
0.05039331184048482
0.002045825940399685
0.059393281878290495
-0.019533145760072524
0.0
0.0
0.0
0.0
0.0
0.0
0.0
0.0
0.0
0.0
0.0
0.0
0.0
0.0
0.0
0.0
0.18993555504321855
-0.002658472729039033
-0.011845879904771199
-0.05264709777841989
-0.08563299971554938
0.1843487185239968
-0.08493885690547563
0.10710675380632874
-0.06089087091446322
0.0003728807500984623
-0.031543245317704555
-0.10071056350360014
0.16835469353312915
0.024075249645275257
0.10713044257914633
-0.03796208797072299
-0.009004669769518537
-0.13166317587749382
-0.014168170556631615
0.12282382742961144
-0.0545282142274034
0.0356119117358613
-0.05273950731953194
-0.21949028466204246
0.08627011858720371
0.11505718208961536
-0.08091264024111107
0.021455945464792323
-0.060814395038480136
-0.05489295571815007
0.045642016573561796
-0.1373732657257301
0.0
0.0
0.0
0.0
0.0
0.0
0.0
0.0
0.0
0.0
0.0
0.0
0.0
0.0
0.0
0.0
0.0
0.0
0.0
0.0
0.0
0.0
0.0
0.0
0.0
0.0
0.0
0.0
0.0
0.0
0.0
0.0
0.0
0.0
0.0
0.0
0.0
0.0
0.0
0.0
0.0
0.0
0.0
0.0
0.0
0.0
0.0
0.0
0.0
0.0
0.0
0.0
0.0
0.0
0.0
0.0
0.0
0.0
0.0
0.0
0.0
0.0
0.0
0.0
0.0
0.0
0.0
0.0
0.0
0.0
0.0
0.0
0.0
0.0
0.0
0.0
0.0
0.0
0.0
0.0
-0.055553988934215655
-0.10009545681845862
-0.10818252171545027
0.06494725603721022
-0.11871061391326442
-0.1384440802941847
-0.03424835104499544
0.0007384774215335526
0.07050088155834333
0.08534553452309096
0.1413060340803699
0.04502333261738412
-0.11870834417468693
-0.053391037691845875
-0.08001147120313112
-0.017226522297965577
0.0
0.0
0.0
0.0
0.0
0.0
0.0
0.0
0.0
0.0
0.0
0.0
0.0
0.0
0.0
0.0
0.0
0.0
0.0
0.0
0.0
0.0
0.0
0.0
0.0
0.0
0.0
0.0
0.0
0.0
0.0
0.0
0.0
0.0
0.0
0.0
0.0
0.0
0.0
0.0
0.0
0.0
0.0
0.0
0.0
0.0
0.0
0.0
0.0
0.0
0.0
0.0
0.0
0.0
0.0
0.0
0.0
0.0
0.0
0.0
0.0
0.0
0.0
0.0
0.0
0.0
0.0
0.0
0.0
0.0
0.0
0.0
0.0
0.0
0.0
0.0
0.0
0.0
0.0
0.0
0.0
0.0
0.0
0.0
0.0
0.0
0.0
0.0
0.0
0.0
0.0
0.0
0.0
0.0
0.0
0.0
-0.025235002925519986
-0.0737423415484228
0.0989897276932661
0.010365801720397421
-0.03825162464377508
0.0693292420355519
0.058079613153912815
0.09587258125189331
0.07057767614357684
-0.02986549130878532
-0.01923531567931716
-0.04286427050144523
0.1034087267171924
0.007576472447959921
0.025650482029654576
0.022414472331935942
0.0
0.0
0.0
0.0
0.0
0.0
0.0
0.0
0.0
0.0
0.0
0.0
0.0
0.0
0.0
0.0
0.0
0.0
0.0
0.0
0.0
0.0
0.0
0.0
0.0
0.0
0.0
0.0
0.0
0.0
0.0
0.0
0.0
0.0
0.0
0.0
0.0
0.0
0.0
0.0
0.0
0.0
0.0
0.0
0.0
0.0
0.0
0.0
0.02444797853510435
0.10385342691476043
-0.11380900808712022
0.13270155741575465
-0.0014966482883741496
-0.2213907130544114
-0.16645626872729244
0.17084659548610254
-0.00966270554840068
0.01078664429557836
-0.23627853614846184
0.015072968138619346
0.08294488156733552
-0.17758700227658544
-0.20036730228211286
-0.06403323698651749
0.0
0.0
0.0
0.0
0.0
0.0
0.0
0.0
0.0
0.0
0.0
0.0
0.0
0.0
0.0
0.0
0.06951253703491275
-0.0024958720199959013
0.06177836993536514
-0.0430578108060159
-0.03864940381872924
0.12085897805921805
-0.016857594177152525
-0.03479289046583524
-0.016913092121456298
0.04164566999833577
-0.14641909346757925
0.07034011303623633
0.060993470693971936
0.09845453664221594
0.105350565145154
0.0802324367716356
0.06951253703491275
-0.0024958720199959013
0.06177836993536514
-0.0430578108060159
-0.03864940381872924
0.12085897805921805
-0.016857594177152525
-0.03479289046583524
-0.016913092121456298
0.04164566999833577
-0.14641909346757925
0.07034011303623633
0.060993470693971936
0.09845453664221594
0.105350565145154
0.0802324367716356
0.02444797853510435
0.10385342691476043
-0.11380900808712022
0.13270155741575465
-0.0014966482883741496
-0.2213907130544114
-0.16645626872729244
0.17084659548610254
-0.00966270554840068
0.01078664429557836
-0.23627853614846184
0.015072968138619346
0.08294488156733552
-0.17758700227658544
-0.20036730228211286
-0.06403323698651749
-0.025235002925519986
-0.0737423415484228
0.0989897276932661
0.010365801720397421
-0.03825162464377508
0.0693292420355519
0.058079613153912815
0.09587258125189331
0.07057767614357684
-0.02986549130878532
-0.01923531567931716
-0.04286427050144523
0.1034087267171924
0.007576472447959921
0.025650482029654576
0.022414472331935942
-0.009004669769518537
-0.13166317587749382
-0.014168170556631615
0.12282382742961144
-0.0545282142274034
0.0356119117358613
-0.05273950731953194
-0.21949028466204246
0.08627011858720371
0.11505718208961536
-0.08091264024111107
0.021455945464792323
-0.060814395038480136
-0.05489295571815007
0.045642016573561796
-0.1373732657257301
-0.03129889070309463
0.02735953362517856
0.02129376098938495
-0.045558808273089654
-0.09262792010673876
0.05469358612805581
-0.14010530966701185
-0.02816359627883696
0.09305214474699626
-0.14491978145452378
0.06946221737985932
-0.08135035663773742
0.05039331184048482
0.002045825940399685
0.059393281878290495
-0.019533145760072524
-0.055553988934215655
-0.10009545681845862
-0.10818252171545027
0.06494725603721022
-0.11871061391326442
-0.1384440802941847
-0.03424835104499544
0.0007384774215335526
0.07050088155834333
0.08534553452309096
0.1413060340803699
0.04502333261738412
-0.11870834417468693
-0.053391037691845875
-0.08001147120313112
-0.017226522297965577
0.18993555504321855
-0.002658472729039033
-0.011845879904771199
-0.05264709777841989
-0.08563299971554938
0.1843487185239968
-0.08493885690547563
0.10710675380632874
-0.06089087091446322
0.0003728807500984623
-0.031543245317704555
-0.10071056350360014
0.16835469353312915
0.024075249645275257
0.10713044257914633
-0.03796208797072299
0.0
0.0
0.0
0.0
0.0
0.0
0.0
0.0
0.0
0.0
0.0
0.0
0.0
0.0
0.0
0.0
0.0
0.0
0.0
0.0
0.0
0.0
0.0
0.0
0.0
0.0
0.0
0.0
0.0
0.0
0.0
0.0
0.0
0.0
0.0
0.0
0.0
0.0
0.0
0.0
0.0
0.0
0.0
0.0
0.0
0.0
0.0
0.0
0.0
0.0
0.0
0.0
0.0
0.0
0.0
0.0
0.0
0.0
0.0
0.0
0.0
0.0
0.0
0.0
0.0
0.0
0.0
0.0
0.0
0.0
0.0
0.0
0.0
0.0
0.0
0.0
0.0
0.0
0.0
0.0
0.0
0.0
0.0
0.0
0.0
0.0
0.0
0.0
0.0
0.0
0.0
0.0
0.0
0.0
0.0
0.0
0.0
0.0
0.0
0.0
0.0
0.0
0.0
0.0
0.0
0.0
0.0
0.0
0.0
0.0
0.0
0.0
0.0
0.0
0.0
0.0
0.0
0.0
0.0
0.0
0.0
0.0
0.0
0.0
0.0
0.0
0.0
0.0
0.0
0.0
0.0
0.0
0.0
0.0
0.0
0.0
0.0
0.0
0.0
0.0
0.0
0.0
0.0
0.0
-0.006371850605660634
0.015313867424788389
-0.019732468095605474
0.0004903604751919874
0.016271849952528096
0.0023368101380135857
0.015394509290431038
0.03363965667720322
-0.0030971132603172516
-0.005574811649406947
0.005035983804765102
0.02253649395451194
0.025138713471582304
-0.02634862589609345
0.009846164788579139
0.025210251439045515
-0.00323023793553134
0.012662434726494746
-0.023524605750344693
-0.0020859232869914848
0.02294743871948443
-0.0036253760623146717
0.019534530064474177
0.037758263946705874
-0.003114427086060183
-0.00983585244040064
0.008638804646993606
0.020972371401641564
0.026167944537150233
-0.028340203316080965
0.009831410046796303
0.0232644047194143
0.00477669607935337
0.015415129766849044
-0.029405243160706293
0.0009226286513570867
0.026935103276947685
0.0003448640018365807
0.01585743403685828
0.033521618821800166
0.0008211001298085157
-0.015057501140430552
0.004734606142869162
0.026066566392244805
0.02744639748237681
-0.018558043533690106
0.0042889347136527076
0.035522298505309684
-0.0078141593238232
0.01392204898889773
-0.014903675834214527
0.006412160351562695
0.011680089843766676
0.004105918224253409
0.017276378888478904
0.033370249161925755
-0.005833674322140959
-0.002451993883819161
0.005176963356663427
0.020810015756529097
0.02078084538108701
-0.02712661652412364
0.009885591492044593
0.020301626968391075
-0.18436283227973121
-0.02731750654147944
0.024521386606990117
-0.29155229490180895
-0.07073179358271922
-0.2508572607725113
0.06633696130701582
0.0859048817031553
-0.0465687035407321
0.050552453004257016
0.10033318606739049
-0.11041713406031568
0.14614230840624587
-0.21461110281949883
0.24237615650385555
-0.19083159437719574
0.003225715328010768
0.011301857512417024
-0.018821448214077684
0.0027751188892267777
0.01961219900393914
0.0020786238756126635
0.011434325829049049
0.024300794684783675
0.00022450955766792504
-0.009415696174790107
0.002693540985423965
0.018342260341156526
0.017690638189892503
-0.01379196683244503
0.0011382478544478822
0.023663365265352294
-0.05369635259528079
0.013560488492068739
0.0458014128599394
0.10545150129799404
-0.22105987031206778
0.20670650884664074
-0.2893922372275101
-0.1694555263027742
-0.0004507689103168522
0.13686321183866354
-0.0752035667991682
-0.12802114902448447
-0.05888048543652417
0.13574142131912187
0.11739801874351365
0.0801303526718453
-0.16523718375222393
-0.18081750533547658
0.0058326248343787005
0.19461840728320723
-0.20506401801519836
0.3083631814250416
-0.043997795629804104
-0.06366509938380409
-0.04278758570814173
0.06596853485146617
0.09974796962571873
0.10800631422547095
-0.2390089720467119
-0.05196212793439806
-0.04018426640094465
-0.02229567728492855
0.0017157932995199754
0.017482896115269313
-0.020322378115104064
-0.0017294775396058959
0.021321323984555607
-0.005026671741628591
0.018009263080660455
0.031224361418213456
-0.001003534097498328
-0.010266448722253744
0.0021725638756519205
0.022158244126628247
0.027508487039420396
-0.019638692030860164
0.005925363343315197
0.026641828992179997
0.005014731429779066
0.00936116745027688
-0.024809955612727176
0.003899190820991842
0.01964298993214623
0.0031065080244938995
0.010839774345716183
0.02405965239593872
0.0007599694263287261
-0.012858157212478932
0.004674335735253897
0.02054836512045165
0.018566882009356557
-0.011709205534393575
0.002727721983079637
0.02947977618003351
0.0056558422969574815
0.013500030717561468
-0.02841879868569088
0.011127733350692514
0.02425322202338044
0.014780339675109933
0.010512791781686742
0.02777370422986298
0.0023148229054822003
-0.013808243319876066
0.002372211323275987
0.0309291678257824
0.01839044644337526
-0.0127545767711027
-0.00425445571454258
0.0400893466386394
0.007479560311198943
0.009161667853657443
-0.024536472269975178
0.009832889274582523
0.019362077918945425
0.006607497377692268
0.013172944468654454
0.022968553320741148
0.0007236283946072583
-0.014192178767933638
0.003649852873795541
0.0248167645104998
0.01546422525798467
-0.00895014708469153
-0.002121407461996088
0.031794704409167755
0.0015382380663762428
0.012062932511576037
-0.014616874584911527
0.002826330431566549
0.014732571763373439
0.008723301614621502
0.005032774145827946
0.016100116394104674
0.002588989809070472
-0.006388118289227159
-0.0015178005609774933
0.01978941188048622
0.013826172404762279
-0.00849952865894937
-0.00336750763382771
0.024405098503741094
0.1629567234150559
-0.06394313803811257
0.0529333482308877
0.046281497506284075
-0.1588547095840259
-0.13193544152241587
0.07933517344622394
-0.2666091546506581
0.022649829557388736
-0.10242020258781702
-0.06059970365995655
0.04028603212636569
-0.08571364227345284
0.30404553621211255
-0.10145153419249069
-0.0034920455800933445
-0.00017790214852462128
0.012340718606504734
-0.03174347284787842
0.0006274558192165303
0.023845482964429426
0.0018388200385159746
0.017488220034019827
0.036076002432004074
-0.0007913086322902898
-0.014706992249146402
0.008829392808529828
0.028145084599073337
0.027276243220129722
-0.023669945288610144
0.00803434498599794
0.035208049700656004
-0.008887982700174879
0.013497316073419625
-0.018143072570855394
0.000489481440608187
0.014074333864742614
0.007624276453618402
0.01029674810781916
0.030172179272343013
-0.0021410564373755257
-0.0031863774935636316
0.004708526864017693
0.021445854399130194
0.021379463918109274
-0.025475984713271012
0.00841491836321986
0.023955194333490862
-0.004239109808200861
0.023942946928333028
-0.02209159037104566
-0.009770250679848892
0.02599930453262032
-0.01626570606944146
0.028366637521682298
0.04670020353086974
-0.0046754150996328485
-0.009504271016404263
0.005326404629845218
0.023570980562660188
0.04097040193452255
-0.035499096977764974
0.016072696794644344
0.024932880370119773
-0.005643067902721085
0.014534338234157904
-0.01321512584553815
0.0007847848951929389
0.011388147427799363
-0.002660918771932652
0.016720234544103672
0.029534473415852653
-0.004629390856127469
-0.0033077482953350053
0.0035552639328315346
0.017348006092141512
0.022748876694824383
-0.023409436450007856
0.010635730025725213
0.017777490335733927
0.00557018458193838
0.006512309936784497
-0.02721054492471745
0.003730813102577063
0.021385248017357437
0.0012337969340910956
0.014825843327231593
0.02587256968121636
0.0003848006587085479
-0.01567107525741386
0.00761228360055453
0.02254718509711858
0.01777491904170653
-0.013222458642027002
0.0018581573079614283
0.028766631612162936
-0.0041240320976889296
0.01714806695485839
-0.02041654478423936
-0.006505407933739605
0.02390218410807618
-0.0016091375063388253
0.017223685362047946
0.034182830131361676
-7.907983194367245e-07
-0.008640260501947649
0.0038083226996641377
0.024992502154786465
0.02755657138950953
-0.02645282514839641
0.004382077106805608
0.02500288130144707
0.09868651491845484
-0.04473954925500725
-0.04171266389186317
-0.1935568207653985
0.24461498811394403
0.07304927282427942
-0.20129871877498018
-0.15123995911529825
0.16832820447880154
-0.0755306383568809
-0.04932911200503978
-0.022997416945447095
-0.08891871302393434
0.14254051996579364
-0.25590703629278705
0.008563147607746922
0.000919243666921516
0.013617195993037184
-0.01735459023930896
-0.0002443599870958001
0.018374360638773783
-0.008538518874133342
0.02230154727214435
0.0311486846840846
-0.0033883946853705813
-0.009808093138854309
0.00471197440712073
0.019692295080278633
0.024067004209298543
-0.0209501149451284
0.0067888824197102175
0.019594709039552433
-0.0024494251127862854
0.011117207748024417
-0.01738399092027143
0.005880706429356736
0.012435352265417445
0.008149638114408718
0.009386937777535659
0.023607406308347574
-0.0013629098447628248
-0.005542263923400916
0.0029456681825455965
0.020275094915138098
0.016360765249423665
-0.016130682895841398
0.004088307094027715
0.024657263711362797
-0.0033110249411011467
0.015328757409039873
-0.025289112453645218
-0.0040226837338064045
0.021560507935717933
-0.002051020088142374
0.01734709602440183
0.035264626073456706
-0.00131603576823667
-0.010543909719135797
0.0063624848768604
0.02473242485340655
0.029076139746565234
-0.025773337054598822
0.009616245707815538
0.029099622351318414
-0.07044839111167649
0.15738889494779762
0.3410588440914681
-0.043087800125813154
-0.0383045083721067
-0.057958340256742416
0.005500548246622945
-0.024398555033517413
-0.024286352541642662
0.19809927396045635
-0.158794916667608
-0.12148763926967698
-0.015178703684122098
-0.054319679004177605
-0.07228995322830867
-0.2663688908980131
-0.011273732145743688
0.01769066677974296
-0.030878189053648673
-0.007102071223368581
0.02984452692321726
0.00970271086810311
0.012609296219863573
0.04471537314344218
0.0006159264631502117
-0.008392843492512453
0.008649051544598286
0.030897567958985114
0.031736131393025356
-0.03781709947146111
0.008437402902026905
0.03508867701956027
0.2337280410673027
-0.1300452420014812
0.014383201602705295
0.1635060301578685
0.04983159665495503
-0.1782236767707313
0.07988509650974447
-0.032527906941361553
-0.05396431979204838
-0.08437979602181392
0.049705707708380245
-0.22598566407456333
-0.12836906095560338
0.16268402003058421
-0.0021702112523220678
-0.15016139353604052
0.0002715658062740507
0.00011799865299939681
-9.050379959281738e-05
-0.0005270974126785635
0.000549440946383739
-6.856398822557349e-05
-0.0003318905273437423
-0.0003294374101297122
0.0004129316142505179
-0.00023083316672411783
-0.0002887695825219653
9.612750209223623e-06
-3.019382910724095e-05
0.0003441252424990332
-0.00045446085663171745
9.66581446042436e-05
0.0005122708117688295
0.0003539897282266733
-0.00019884725916551423
-0.0013571165588692647
0.0011356167279486208
0.0002146469963844286
-0.0013982292581991916
-0.0010424043502285896
0.0010952371000248315
-0.0003477560405653694
-0.0008354682146966912
-0.00021874372300714157
-0.00021298345394859793
0.0009797645439452748
-0.0010281284695019988
0.0003475580708367576
-0.0006035036928426397
-7.688991109685974e-05
0.00024181918018590854
0.0008403066223192853
-0.0013532683908677634
0.00042519542995979667
0.00022279889143941113
0.00015606403402439992
-0.0006311469734947012
0.0005263769304209358
0.00028454586263015983
6.883097827366362e-05
1.3485617775027235e-05
-0.0003213334463627926
0.0007823191970513072
6.871453932053056e-05
0.0011772044730087505
0.0005202422466978076
-0.0005152700920587712
-0.0028303104800369867
0.0028363042992823723
0.00012092144216142031
-0.002334734260350169
-0.0017537052790341798
0.002242506892660199
-0.0009887597388342753
-0.001457627573860473
-0.00021996527203495495
-0.00042226987661461235
0.0016976527396522691
-0.0023688746191734026
0.00049424256963373
-0.0004696493506805199
-0.0004986224313277657
0.00019027369671834163
-0.0007416482598454731
-0.0003691398873900811
-0.0007953438105229273
8.404123528698386e-05
-0.00015658031249273877
-0.00031404571095076874
0.00018968038753218658
0.0003768348619674588
-0.0005233375961768132
2.424667037645926e-05
-0.0003298850559622055
0.0006817647743449253
-0.0009141153908448601
9.049014861484911e-05
8.910521300548114e-05
-3.6327230399631915e-05
0.00021648891700417255
2.9720725415286454e-05
0.00024110081227116063
-8.320516874056866e-05
1.5360287005921577e-05
5.487085821592688e-05
-1.0647616207798632e-05
-7.676093342012242e-05
6.522303797365488e-05
-5.7519457226532734e-05
9.245181951365244e-05
-0.00013344791093128396
0.0002010868161700007
-0.00030231491020829175
-0.00014163177365846032
7.875439665172016e-05
-0.0002400093554160552
-0.0002876746974421052
-4.5179041008063355e-05
-0.00011083668787501904
-0.00010423047710121107
-9.290158962754889e-05
0.00015690561022405186
0.0001122520559864882
-0.00010541780268418336
-2.0356263936097715e-05
-0.00014103948489986454
0.00023712960587142252
-0.0002075428589292727
-0.0003787455683802173
-0.00046622118194207806
0.0002462189953042243
-0.0007956160675347823
-0.00046968612996056756
-0.0009460356427801847
-6.798908422961642e-06
-0.0003607028608298924
-0.0003274033054928199
0.0002024055551898581
0.00026983360541553224
-0.0007068785179510067
3.577969440892663e-05
-0.00010913035549881526
0.0007952672860106571
-0.0009658998997192907
0.00018838779189323624
0.0001324611843830992
-6.517007714246366e-05
-3.148780604697387e-05
0.000256960805036001
0.00010826688029073684
-0.00011112526698873057
-7.554646806556651e-05
0.00019127832001555154
-0.00011752963210851243
-0.00016556473121507342
9.707357066580844e-05
-9.632538427007756e-06
0.00017855744562285123
-0.00027424404087958556
0.00019724035851139128
-0.00018053844905319017
-0.00020452583953163027
6.951985332167077e-05
3.911968328152421e-05
-0.00024208098773122758
-0.00020126785057974334
0.00020271507272621276
0.00011505167993189623
-0.00023591466008355072
9.303843043673819e-05
0.00022993150227901152
-0.00012062913807546432
-6.8805924027534265e-06
-0.00021840444078444364
0.00029582612523766807
-0.0002905609720792344
-0.0004997043902282572
2.1661516489108943e-05
8.475606316797469e-05
-0.0001194805139999241
-0.0005388729405503823
0.0004119928733711877
-0.0003971641762178999
-0.00013282519485255961
-5.721674341408102e-05
0.0003472685598211775
2.20086588674286e-05
-8.72760445154055e-06
-1.5808720197379756e-05
-0.00017107587307961658
0.000276082732929952
8.042437665670707e-05
1.292637713386152e-06
-0.0002242385239836775
-4.382476456175925e-05
-0.00021714676662520536
0.00013868449017482684
0.00032103675581830125
-0.000454233528323633
-0.00033322340765510906
0.00023268866965571068
-7.645806718984268e-05
-2.357536763542534e-05
-4.8012121373777816e-05
-0.0004054964112968371
0.00020943606005203528
-0.00040982350029889077
-3.97309778411658e-05
0.0005179873354953444
-0.0003586317802532163
-5.542286935495572e-05
0.00051160841710928
0.00014137361382046473
0.00048316659350626696
-0.00031618083901744515
-0.0004874100636742517
0.00019399494923869303
-0.00032189722055311345
-8.305713202405602e-05
-5.791304427474215e-05
-0.000793010165715165
0.0007266756326595562
-0.000779953416230717
8.490147641837492e-05
4.086776324446694e-05
-0.00010014783661350817
1.0477202650995002e-05
0.00017104525814194983
-7.667228079584342e-05
7.352826270460786e-05
7.034084562053431e-06
-3.3351312769181546e-05
-4.701586235266281e-05
-1.5838185802716833e-05
4.5777816379178274e-05
-3.0158232939241197e-05
-0.00013927132680874438
6.628730530111043e-05
-4.412514259967579e-05
-2.807549322361845e-05
0.00013906116546430142
-0.0002236822799885098
1.2654357817119197e-05
0.0003830882775409
-0.00015938643277521613
0.00032456379016276333
-0.00014210496615971757
-0.00022248897027034144
-1.0488435867993914e-05
-6.682042127021304e-05
2.6016029720446955e-05
-3.4787478604124184e-05
-0.00042293149596181717
0.00029714732386312186
-0.0002616710016312217
2.7375544145433717e-05
-0.00010027746727479853
1.3838315998822605e-05
1.55105353037828e-05
1.743939297928313e-05
-6.929612326125031e-05
-9.82757772808912e-05
0.00015360111678327685
0.00015841132303760744
-0.00010259417187592628
5.9498632208397475e-05
8.173447124602704e-05
1.6698650467730495e-05
0.0001219297720093043
-0.00018274342376242448
0.00017314651073659432
-5.26730036407324e-05
9.950541253532388e-05
-6.74324603819964e-05
-0.000212429539494799
-0.00015120001701136542
3.233460391447102e-05
-0.00021920690495518634
2.8783930908809685e-05
-6.756471494077435e-05
1.606575455186261e-05
-0.0001409112107749914
8.060637685652687e-05
-7.061181638157106e-05
0.00014494491523342454
9.44910441226875e-05
0.0002077681309537399
6.522518493101054e-05
0.0009198766727068299
-0.0009077351868643161
-0.0021594691844397246
-0.0010354748490544155
0.0013904623852010228
0.00047711217279538897
-0.0009166744208435233
-0.0007526662674781898
0.001192786956341839
-0.0015939234317081793
0.000582690665173083
0.0004296038550101993
-0.0001993061900632664
0.00095586333776595
-0.0007008758737745121
0.001369705494018388
2.1484828774815895e-05
2.729662433223182e-05
1.4181348500444322e-05
-3.8245806909077455e-05
9.611556227324874e-07
-0.00016628177645300647
6.13330205427756e-05
3.039844019713606e-05
-4.683140105298415e-05
1.2837584867341743e-05
-8.015932552969316e-07
-9.038899375963242e-05
8.875487161229097e-05
-1.2807788826795208e-05
0.0001326669861294019
-6.577298376097074e-05
-6.6588349034835e-05
2.010047686128911e-05
0.0001270090828192153
0.00012224261863255181
-0.00023662733521004266
-0.00012498912153715547
0.00015435935472348362
3.2894341595585816e-05
-0.00016398770862276825
0.00010130064889513765
1.5145397872533981e-05
-4.7249893614423555e-05
6.343445983453958e-05
-4.5955925850032494e-05
0.0001994994489161603
-0.00010210932845986222
-1.7159794116046988e-05
-8.676897725235777e-05
4.116572232501564e-05
0.0002776998228129925
-0.00013092847644887898
0.0002877303941381692
-8.751012383225443e-06
-2.4680286956673647e-05
-2.6097886471011588e-05
8.623572074530163e-06
3.254433211127586e-05
0.0001229107725909869
-0.00021484039294938519
3.842688871678928e-05
-0.00018739189353061324
6.10798517406325e-05
-0.00017091251297392276
-0.000492486921091069
-0.00042728732179908417
0.0005924561315212649
-0.0003841232084121112
0.0012959059282294065
-0.00042583825211155304
-0.00020802883884012577
0.0001466817077250999
-0.00015789194519374734
0.0003443315134983349
0.0005332396186054308
-0.0006712437738982755
0.0001302833857813804
-0.0005209439668007359
0.0006288386175131268
0.00027502223925866186
0.00017308940027981547
-7.971499873306728e-05
-0.0004637255137755845
0.0004979782716462033
-0.0003623336619650815
-6.893526223801484e-05
-0.00013196383030418727
0.0002521157300495667
-0.0001956484772362373
-0.00021942559564456748
-7.292095408608398e-05
0.00018980489535582923
0.00020517643737505106
-0.00014745918689484767
1.0184819917383299e-05
-7.275501130620442e-05
-4.8133190262695527e-05
9.515495364604262e-05
0.00015651607435498467
-0.0001407369706379014
-1.5273284455971945e-05
0.00013751791365743042
9.152060314973058e-05
-0.00013073671631127232
7.160888829211126e-05
6.951197272084668e-05
-1.3403864782670102e-06
-3.4529571739452285e-05
-0.00010320263207697865
6.797815366781712e-05
-0.00010749043431467551
-8.174782573289e-05
-0.00016563803971611705
-0.00031036354571247236
-0.0001677204305644579
7.962625345073909e-05
0.00019575875687398726
-0.00016860546205978762
-2.7855273367793193e-06
0.00011905371628623532
-0.00011555973545468149
0.00018496692761271597
9.633778831882513e-05
-1.7255404206651507e-05
-7.326339839248216e-05
4.126813182786234e-06
0.00018374375235421554
0.00018577297343672279
-0.00024520800460836123
-0.00047818844236451757
-0.00013485047950641203
0.00023556172383554116
0.00015839292032714252
-0.00017950660297677638
-0.0001534029693537264
0.00022395438553306818
-0.0003436489228517114
0.00017123417807697697
0.00010799467749760138
-8.806040441707494e-05
0.00020118656295432902
-0.00014424980562016828
0.00030562128329859835
0.00015555342775772573
8.519347177488439e-05
1.8118433095534135e-05
-7.863542121360732e-05
9.638337951370783e-05
-8.376693508138094e-05
-1.4104695647008004e-05
-0.00015857018457564483
9.726994296727954e-05
-9.173702031324527e-05
-0.00014946885758461933
3.6241569329060446e-05
2.1683721668097286e-05
0.0002079654670813388
-0.00013545199861110795
5.8908790820982015e-05
0.00039401863881748534
-0.000181395052244405
-0.0002706308780948365
0.0001395874873218746
0.00027955597060777505
-4.699714393795028e-05
4.499706681036525e-06
-9.658544528297129e-05
0.00010508331410789303
-0.00032055693513332597
6.619592056022947e-05
-6.972243774469127e-05
-0.0001520242567457534
0.00031459013112568806
-0.00018000257683912165
0.00011105643424169511
5.843040317065004e-05
-9.547824481301087e-05
1.8072380343235418e-05
0.00016359597369947307
-0.00011152363687549753
-0.00011281552567081891
0.00019624566864574506
7.105815480002357e-06
-0.0001124274081810384
-4.870421547561345e-05
7.648440209744229e-05
7.156408096447977e-06
-2.932165429999957e-05
3.5694902517094303e-05
5.5547997417745044e-05
-6.872237118786216e-05
-0.00013372023986232595
-0.0006176016318978357
-0.0009175384454565428
0.00012118812825085445
-0.00024667496373540724
0.000954036606818568
-0.0005100412342070468
-0.0002320073754634931
0.00022398614851837096
-0.00036270480455616186
0.0005657209954453873
0.00036862721286259783
-0.0003306984630595167
0.0001209853873058218
-3.806977616173035e-05
0.0007696489043104177
-0.00031995011353094484
-0.0004243641423609818
-0.0005206482823137442
0.00020101675352079645
-0.00038869663516775683
0.0008015247274244555
-0.000351714044942811
-3.231037580888352e-05
3.0301958401850344e-05
-5.910195776070396e-05
0.0004561757201088916
0.0002531066783563555
-0.000247992992944325
-0.0001296387687542606
9.822993125326601e-05
0.00046660822754860965
0.00010423515666054004
0.0001924869581451389
0.0003696045481457311
6.28371915286028e-05
6.007030465489518e-05
-0.00038990363508462127
0.00027922094894217294
8.241359212500311e-05
-0.00012721080281313153
0.00010691295993862075
-0.00019668476078317564
-0.000131275227115007
7.965953145148253e-05
-3.115492653413009e-06
-1.035008516194943e-05
-0.0003203527840084742
-0.0016350321450110989
0.0015954385178407102
0.012464467334728294
0.0017132403803539209
-0.0029457898641501706
-0.0005149856608684471
-0.0022655272881151197
-0.003265098832235023
-0.00213182268390894
0.006296335756690919
-0.005548064908170617
-0.005405956957910561
-0.006548699448775737
0.0015365995780047233
-0.004724418319499122
-0.010163372982910411
-0.00013077026415263116
0.004777305214069427
-0.0021106596442216474
0.006630912041484167
0.0006549477003124409
-0.0007964476094055871
0.007873824504584357
0.010354894206786137
-0.0029865013412192962
0.0007975083778583347
0.00171732918169454
0.0035906524227947495
0.007473134462982151
-0.006680057565485854
0.005374381143128101
0.004699653791400481
-0.00404559578709391
-0.0015760689964416737
0.004431076345208198
0.004314787619674703
-0.007058149554305369
0.00031087400266992916
0.0024680788309903528
0.0014019699953946498
-0.0046409997216182225
0.0040043096479256465
0.0017449240423688924
-0.0012270158128657295
-0.0017869530044387892
-0.003102715605464065
0.003253403849308307
-0.004370987696843194
-0.0020201834404713877
-0.00025471952146034115
-0.0019199236640812926
0.0051049933246429344
-0.003795098979864552
0.001361731389037908
0.0037644840931148507
0.00476423315416148
-0.0031343752171695176
0.0009641285612285377
0.0033756565607984453
0.0017095736313838487
0.002438434332552515
-0.004004846807143476
0.004979488645665752
0.0023188679899753505
0.0010848126248078102
-0.0031293615257180336
-0.008973850331766118
0.0038866058399165634
-0.002966160346028039
0.002895131469767906
0.0014556526321809577
0.0010750977467502464
-0.0005475049103341222
-0.003949896058247658
0.005277004762842329
0.0031280402799532124
0.0023467842816668016
0.0006423391821549144
0.004998368259678714
0.007943634721439042
-0.0018645338137369405
-0.002347659942981254
-0.003900949337772395
0.0002632656891941421
-0.003845834986524857
-0.00047954048707670875
0.002149581660598993
0.0008938566485739218
-0.0016916036774153702
-0.000994441170771237
0.003961420302304586
0.001622757844157871
0.002449435538129743
-0.001768612930425171
0.0053099605313095015
0.0022633576134088525
0.004426883157686169
0.0026908251864539135
-0.007926781198824472
0.004178718631656402
0.0035414806988167025
0.00015046262394456585
0.004285525253776574
0.005133817013721658
0.0008495525447811171
-0.00439916842079185
0.0016586726260390502
0.0041289333657632595
0.006408517367234079
-0.0001714039768905906
0.0029431511447852677
0.009432395124690286
-0.0024723533765231747
-0.0021951946739886385
0.007601014659114681
-8.61596848773421e-05
-0.004435354406147455
0.0014153842717726198
-0.0034079615395955234
-0.005300302385263291
-0.00117253130468174
0.0036693816606001625
-0.002201877851973728
-0.00321606598437285
-0.007032057695126517
0.0021817070877648507
-0.003838814206259933
-0.007284158257922502
0.0007283532091616374
-0.004499028986066827
-0.005873236768913783
-0.00016364361198218936
-0.0014607606147338053
0.0013233119011848804
-0.0010414003599083588
-0.002044968752595401
0.00047489310436599197
-0.003330730356851732
0.003888287071632122
0.0006454024410364207
-0.0008184243889829927
0.0018818335769692916
0.0019271126402959447
0.00305661003464664
-0.002220571211779835
0.0018126971278977016
-0.002784194593234889
0.005390189167278706
-0.005213149994940792
-0.001145887204645143
0.006591687595689581
0.006555730308431498
-0.004357917941839567
0.001158558608886136
0.0035028164901348673
0.00257768320599215
0.006748371951034038
-0.0051773717253314365
0.009098072502500647
0.004062712473386429
0.0048604040176647234
-0.0016779672942458506
-0.007180981310159605
-0.002874988056565369
0.0050513898141856745
0.0014614028537163989
-0.003385258918507607
-0.003730301634953067
0.004664692664750637
-0.0059258431815160575
0.0002989388980999028
0.0015306440692068192
-0.0002812852121658628
0.005480351824021551
-0.003104331210824397
0.005963924208839833
-0.0003933715973294953
0.0023167813518004694
0.00730206453604073
0.0020649078384017763
-0.0005416622884617807
-0.0020579336177602332
0.0012603212310233578
0.000829060999249915
-0.0020103482757798815
0.0037110259397070346
-0.003155839583555674
-0.0028721524184339487
-0.001747391269982348
-0.0006972837661060298
-0.0015983789355396903
-0.005839611281787056
-0.00036045204591972477
-0.0037369558997818607
-0.016290267548140017
0.007589468539639318
-0.006035547606333081
0.0019898647028486053
0.007534847324237726
0.007852920720060606
-0.003651077745386429
-0.005504162313999064
0.011372321516909782
0.006374985678276802
0.00936776079249583
-0.004623911395818313
0.01448390483636123
0.013955774161212133
-0.0006463861373617787
-0.0001078475021845148
-0.0050987512301044905
0.006066668197676304
-0.005273952114894019
-0.00010459594295392292
0.005546225470463652
0.004711029785720376
-0.0036623804337714092
-0.0007648103455672397
0.004412600158137947
0.0025765301320813875
0.005338932447254958
-0.0027573565326825134
0.008475421781231927
0.005576463688976463
-0.002003408503246963
-0.002391553456179516
0.014684767389796276
-0.003354162443618105
-0.004391245893413802
-0.00027212136809273945
-0.008031990617671165
-0.011494457086533221
-0.0003389245111710649
0.006053691864865298
-0.0067227331489282905
-0.008367264382936026
-0.012484642913032867
0.006552565734825907
-0.00843020579103094
-0.014519219035930854
-0.0009266885184751017
-0.0027356067429310338
0.0031326670602310203
-0.0058584455705439995
0.0008160083763929122
0.001249249125795064
-0.006251006605213669
-0.006807093291065542
0.00267958112452262
0.0004149190160671408
-0.0020243453580390727
-0.0022906801771458425
-0.005976508531902045
0.003452074652914697
-0.005719401683610315
-0.004608058963444525
-0.0057167379061548425
-0.00047351440720461873
0.009269526898316845
0.004795338201510262
0.0034803981010419027
0.0032789234182666765
-0.013541664071568944
0.0001377984130874804
-0.0001769007309870187
-0.005668847615959
-0.010022637923963478
0.002801221370082414
0.011139757504685013
-0.004744649138277541
-0.008390821229784289
0.0006721265425130621
0.0037176188102761793
-3.0250922918842047e-06
-0.0034186836471052358
-0.00764365566533892
-0.0021271306056323686
-0.0058022856681109606
0.002425688532140378
-7.913768478947095e-05
0.0032156192416602416
0.0016145626154086636
0.003744966980879353
-0.0010704370771971968
-0.002714632063342815
0.0008988652475304112
-0.0002900459108884706
0.00291596403632116
0.0019555709556663766
-0.0003106733766141813
-0.0019509276229375966
-0.0010854011455800287
-0.0028979542138221092
-0.0011416268212962025
0.008153017994649741
-0.0003028587483247096
0.00021135769267519166
0.0029763232756189837
0.004631973852879174
-0.0006155281573169948
-0.00553731200630694
0.0020667449493440107
0.003782516911335237
-0.0010273771470435
-0.006469993207012426
-0.003708613456089038
-0.0007304429980580584
0.003053121433849978
0.003873276963128013
0.00497996797084819
-0.009093662356598475
-0.0032030371670302175
-0.0041132315533398455
-0.004886240297698992
-0.0036921838124082704
0.0001776910206005454
0.002934047438466268
-0.0012936178330557057
-0.001512488721701924
-0.0029283506662222997
0.007406759541336436
-0.00026302730399887706
-0.0067744159368066425
-0.009791097301005518
-0.006322986547944295
-0.007814410852353074
0.014047762855707828
0.00029491769070904243
0.003947079173298197
0.006424121349378165
0.011468020314997432
-0.003584872502900735
-0.010750980944057494
0.0025533987459083448
0.004547944070178075
0.002125096549553873
-0.0015350638899569978
0.002763931126826307
0.013059533202126503
0.008006275190829531
-0.0017813775161461187
0.003203055843645864
-0.0026927768128138605
0.0042890898881658025
0.0006656452455695151
-0.000942898866957492
-0.005946230424043187
0.0018971919298364592
0.007893992470858199
-0.00493000040022621
-0.005528108565743613
0.0009273705434988535
0.008879715805429619
0.0018606808470653748
-0.0060412752151842
-0.005652862393706185
-0.006815952209972449
-0.0060991289593527445
0.020450251139927423
0.0016391677636626726
0.003404123380998462
0.009192951482948776
0.012310364500231702
-0.003019380502804216
-0.012972264821941686
0.004261236786450551
0.008150285165951343
0.0006114769151272085
-0.0030705503307485215
-0.0028382198345585047
-0.002102823066375906
-0.003797718753011471
0.004783062715887455
-0.0017561845993717994
-0.0069438604914286535
-0.00464362723034312
0.0014107449689218486
-0.003031768644087594
-0.004424796000637367
0.0024428734879453954
0.0024867494280550557
0.0013279396901259345
-0.0026596131080035214
-0.00019806665009272553
-0.006451960648093963
-0.0030123110747581052
0.0012897455339414019
0.005918307895483902
0.004132747089019947
0.006407675281358038
-0.006612977182245788
-0.002915430048612529
-0.004437632762200439
-0.004371508565116035
-0.00487090527642265
0.0011501421452732696
0.0035506360964674484
-0.0010629105818320476
-0.0005150335403897333
-0.004003169670145755
-0.0005635732837112735
0.00046277176614856143
0.00018155057634915205
0.0019543545314441905
0.00040459093802827997
0.0013770318424893564
-0.0005752456418717602
0.000567763544162083
-0.0007713641775090662
0.00018782818094745544
-0.00019612198790183139
-0.00029441890894936013
-7.056782278647338e-05
-0.00014691933227453736
0.00029624275703948514
-0.00047318877776722734
0.011696177232120205
0.009041192097970567
-0.01130123501012484
-0.00013730380297811065
-0.005510393845379904
-0.0031991702191927515
0.022395684992427927
0.005487311627382257
-0.00015209303044767954
0.011493797028461214
0.01220424553090129
-0.00045581844836913076
-0.015929245227264587
0.011523743579343713
0.016021211164672585
0.00027882632014656847
0.0003782381103918179
-0.0013436472219433486
0.006330875926481614
-0.0009134429992197394
-0.0007382992073041062
-0.0012316245020562754
-0.0014207014602392726
0.000995675353878125
0.002853515534349363
-0.0008278371143657399
-0.0015072337837930584
-0.002052717590771426
0.005155777941434765
-0.006509915177275139
-0.006119181687069001
0.0018144191552724055
-0.008996460505564501
-0.0044956518364217095
0.008551016084921854
0.003542942300774392
0.005516242186833449
0.003790889584780218
-0.015322003364213457
-0.004033639976860671
-0.0005814700475538725
-0.007764456825498701
-0.011425936938662439
0.0035007981520690764
0.011396977215044981
-0.0048492163256714784
-0.009184619539032525
-0.0014257553765788281
0.0027658933241998937
0.0020905457581470994
0.006973981678629655
0.0016790967933162603
-0.0029249047446873655
-0.001084062506364004
0.004326973362113217
0.003336731147777613
0.002709507207543593
0.001988512167796149
-0.0002701347226085072
-0.0004513793724293728
0.002580626268746192
-0.003409076251759606
-0.0025194304141839823
0.0017630060863443936
0.0010398161079091701
0.0029359248010720537
0.009032695063998312
0.0053202769139478485
-0.002457129190546134
0.0012907871396555801
0.00233480385959854
0.00393341852819274
0.0013181357820871461
0.0012300826581754369
-0.0024327330448363532
0.0008873111404482499
0.003950657185668165
-0.0030494930961545547
-0.0025430536403671087
0.0009526166308114503
0.0023720711355787183
-0.00026733647586853085
0.0077251597434235255
-0.0018339658355175517
-0.0016625701793272012
-0.0032111492712409346
0.002134886488950603
0.0015192308715630057
0.004926389699758756
0.0007956936021771123
-0.0013471963975442826
-0.0012088011953385787
0.004835379048007171
-0.005928569785427472
-0.006010054657027614
0.0026152758913581715
0.0017137791989707185
0.006898970528494414
0.004299630434219889
-0.0014712808326562605
-0.0008683322725024671
-0.003257319401907724
-0.003946459227642627
-0.002898503715206151
0.00017079350175567374
0.004013592289448588
-0.006417321611144617
-0.006603588421934126
0.0037035623660728106
0.003983072543292203
0.004769212394021711
-0.0004811899495615477
0.009965042199284953
-0.005772368279874192
-0.001006634604335157
0.0037196037406942786
0.009637722346025663
-0.012004542822500089
0.010294288523968778
0.003105347446134364
-0.0018619534436575195
-0.007016963296477583
0.0034970935604607405
-0.0042938775743844165
-0.002680323959819229
0.0022826131921095936
-0.002887237743709769
-0.007961508338996344
0.000828898630381657
-0.004699788957703032
0.021064253043535205
0.010196951362534042
-0.004434350831565511
-0.012416736436056376
0.013534370968456073
-0.002356233529085188
-0.009989711164899814
0.006099083500146412
-0.0012899856066998507
-0.010059315852369495
-0.010762981726083249
0.00012096386157765702
-0.0026246406583740837
-0.02583562938145499
-0.0013031850930895338
0.0002215620270824341
-0.011509938609550793
-0.001007863730660323
-0.0006055090724005519
0.007851259689159012
-0.001607068270389271
0.0036549297247707815
0.0031769674281371513
-0.004621002019665118
0.003446630975156317
0.01071779797895678
0.004816492824298672
-0.0020676063296739904
-0.000128069507791307
0.014492499414279394
-0.006121524169142615
0.0011172454154595825
0.0022559672822227953
0.01223426560750031
-0.01423228768966206
-0.0002468319406577207
0.011366027250516128
0.010998699913621388
-0.010547132417065425
0.005380515305994401
0.005290550045959928
0.0032695373870553794
0.005571612044405048
-0.009382236784457309
0.012783293554480622
0.0007358008406616095
-0.02017032655449071
0.012817884505167222
-0.0010628559549630825
-0.015531959066516112
-0.006221581957109972
0.020538351024068452
-0.017931183622806927
0.0013731938370624864
0.007651657925340998
0.010922568560390153
-0.005760480266673762
0.013031738003167238
0.00921690247476908
-0.011768676448342216
0.00044375209957673553
0.015313473863884744
0.0018314611678895388
0.0016062313857079873
-0.000597318302769513
-0.0023297222267085896
0.004352268234657143
-0.004667850274762665
0.003572513268743343
0.002652150199591077
0.0006033640558744416
-0.0017969708064745184
-0.000425628615220417
0.0013649300062166616
0.00332967858964827
-0.001201699583071986
-0.00041771059611776107
-0.0002961297172098156
0.0031071505607428674
-0.00030015524568262976
-0.0014503654039084578
-0.00592798427798217
0.0086588811183503
-0.0030455041031603514
-0.00043154007563963453
-0.0013442178262746797
0.004124816072291771
-0.0037715365038274184
-0.0012373264233719247
0.0010304475380974087
-0.0002522951705957551
0.0015225144468788683
-0.006011533175831876
-0.0009481986314665247
-0.0019254271662826224
0.002027009237866274
0.008664337337297053
0.0073165707523671335
-0.010673903862287608
-0.0020305327269540905
0.004966169548542729
-0.0015154116925683687
-0.006069537589421841
0.0052518921214455725
-0.002169902912996411
-0.0018544322618588944
-0.00033248460831275555
0.0009427514495010561
0.004788549711226381
-0.004557884540690032
0.006425964835507845
-0.0012163022244110343
0.0014971637067798865
0.00610135184235869
-0.004135683181208874
-0.0001920908148380949
0.0019622677033503053
-0.008137830326502412
-0.00013151235181611427
-0.0034452956460925737
-0.0028860691328140096
0.0012358758974846664
-0.003938004513779321
0.010546397467234866
-0.004040442967510248
0.0017846816268093108
-0.009142924716559312
0.001847348314292196
0.01084671651872164
0.0006673450749710502
-0.004543312236981284
0.006414834938013945
-0.003194550342112138
-0.00014957178479145297
-0.0016860548150356824
0.008908952287163315
-0.0024876240759666656
-0.0006532764995650367
-0.004923663180899528
-0.0057734231159114234
-0.0031551562087851997
-0.007446647570156697
-0.0035439949124689498
0.007696756368148675
0.0031133843109893257
0.006071491115938233
-0.005934230584022508
-0.006685001603573551
0.010746145156746512
0.013832052861385195
-0.00805008700504052
0.005884995511181696
0.000895987083250138
0.00022534725323474308
0.011893741319127026
-0.010127309242440409
0.014037057751288988
0.0001979809175620196
0.0003018989293205137
-0.0018055377527066267
-0.0056252204462183845
-0.002967657207507036
5.148276101639083e-05
-0.0020455126618967793
5.0963538289053285e-05
0.0007542987639815228
0.0002557622891848483
-0.0024586689671060083
0.002928312548895622
0.00016436963116308597
0.0030295202766392614
-0.0005818943721435727
0.004199439250359006
0.002883439374504235
-0.006802577932950801
-0.004981084065571493
0.0004497082932041694
-0.00552610587187163
-0.004629823783855893
-0.0021231455843705106
-0.00039188113094219525
-0.0009774637200637302
-0.002335908132200264
0.002407203327128632
0.004598011907258211
-0.0023482238181668116
-0.0006324779844988965
-0.0051020060238722645
0.005451186429615408
-0.005806793156005043
0.006806811029905892
0.0029947649404721
-0.0012134639373152375
0.012549382378252896
-0.00012592550735758323
0.011652538950611063
-0.004187087154581716
-0.001988392379027833
0.002403661835958878
-0.0018388505102549235
-0.004336796809598723
0.0030523510758781094
-0.005221838303292474
0.008568799801892315
-0.00834382589279258
0.009671561441666473
0.0011906679965102572
-0.00015782913501595516
4.519223895128856e-06
-0.005823234075406437
0.0019245369882816814
0.0014376108883922183
-0.004107890820763588
-0.008083205970930879
0.004737043112600806
-0.002525795034443502
-0.003342063840679053
0.0028837775300545876
-0.002211906774534635
0.005707318012063641
-0.006810640158186956
0.0015860358471308832
-0.0031527134096914415
-0.0025612956829022255
9.465725806045491e-05
-0.00022313012821849446
-0.0021004995284024824
0.009812785052871614
-0.01108962882573007
-0.005405799431988434
0.0022793608877352063
0.0028992501140522576
-0.00027058908043861
-0.003904734562438513
-0.007119889043805688
0.002027726690086304
-0.0025863359014319056
0.00022421405981739337
-0.0023372335805967757
0.0005293953892581682
0.0006143640427635414
-0.0009800857075337199
-0.0035611714596025857
0.0029026591377132793
-0.0012841127645808533
-0.0026479715933120504
0.0006048074292082622
0.0006957202388265985
-0.0009248196364976211
0.0032407773456655706
-0.00012109693713740466
0.0006770834063309294
-0.0010139927970900875
0.0020770162055666133
-0.00170146487835761
-0.003015391144456961
-0.013658879382400381
-0.007071828179469042
0.014393395422954739
0.003447890029762547
-0.0014436842186924858
0.01306017363462528
0.00486310015193812
-0.005561456431740803
0.008050347365409046
0.0055076073452328764
0.003823798167153165
-0.011463087820488873
-0.002504360268454018
0.00642901106806421
9.936169273902813e-05
0.003992522164925099
0.008008407406006774
-0.0011067899087350255
0.00019555215611230246
-0.0036621522747857195
0.0002476388845886104
-0.002714269807903167
-0.00042513737553442617
0.0035801490908053987
-0.005238592956629316
-0.0033292129683144163
-0.00016644456202543684
0.001705533238444092
-0.001107708764750302
-0.005698951419615203
0.0006489396657907031
0.00025314630420577845
-0.00014870899116198956
0.0010358294049299369
0.00019891073531983798
0.0008569203742491993
-0.00013129308618810078
-4.582106377469702e-06
0.00022682842654902434
-0.000279975213391479
-0.0003260327054048131
0.0004267773329073549
-0.00037138228343071923
0.00063073748634399
-0.0008417883661528182
0.0008123290397166932
-0.0037666416368508093
0.005203209670577129
0.017134732146345883
0.007509540539255028
-0.0070796958431764406
-0.005296165375031038
0.006131049965113832
0.00224478951662323
-0.007847055565307246
0.010639361228848742
-0.004821444041837556
-0.007268427786451292
-0.0011774986178081056
-0.003492359716183746
0.0042776183147741394
-0.013647608913993884
-0.005313331780687639
-0.0011348811884979552
-0.0009207324765394822
-0.001206328983483862
-5.5379926069370093e-05
0.004154861735790591
0.0012642783454923374
0.004359523456504023
0.00010109751084797816
0.0006666326242694828
0.0029042478751402103
0.005941845821819426
3.96560783885488e-05
-0.006709557336052927
-0.002277238740318187
0.0008919032690088845
-0.0010938822199624734
0.004632961250111007
-0.0007985231462214583
-0.0030096938319630223
0.0055232505710184916
-0.0028968263306592746
0.0009406228422970906
0.007816682932524112
0.00022651804492066494
0.0016976568726627856
-0.000360817969111663
-0.0009042354166057079
0.006122292791818377
-0.0061728881774518575
0.0033493807566213657
0.00037563055927073704
0.003974312595442581
-0.002411140483308931
0.00015724043451285203
0.0029380588120159973
0.001265040928186889
-0.0028251440583615746
0.0010557070941978391
-0.0012025073706888373
-0.0010442087031316545
-0.0014624948303064427
0.000660474545881574
-0.004374682185342836
-0.0026199800138968885
0.003096200918676233
0.00020421475053833478
-0.0029145951191327808
0.005467382482062068
-0.006113753375731494
0.00960431902935222
0.007786536543434246
0.004092988017633666
-0.009758932648946015
0.01065141842143903
0.0006882668889517376
-0.005121308496808204
-0.0007734022196388933
0.0014997815350513075
-0.006830036222713564
-0.008767814447602714
0.0009932625565061575
-0.0052607039083318674
-0.016720165971434667
0.006193927555825679
-0.0075748406295271615
0.008495666140794316
0.010251637404461111
0.004082065433649261
-0.005364302798832989
0.002428699857514634
-0.0008392047171801797
-0.004937400493386961
0.001611000169323745
0.0018386251247131666
-0.015517496600035024
-0.012902367678882807
0.0030611507432531508
-0.002631499822506523
-0.017364933749195316
0.0099333959495173
0.004721909088908171
-0.00216243117447641
0.013381220233365408
0.004150008636919295
0.010046668831085482
-0.0012074010866348326
0.0004440790597579864
0.0034633765433845984
-0.0042308526374742585
-0.00527537705653554
0.005671330892449433
-0.003569886645847004
0.008930647772727797
-0.011202924855873854
0.011434065281092662
-0.002547606485860326
-0.00024513134318030134
0.002188413750164248
-0.0034820051262936507
-0.0007341725282944675
-0.0030983239906006263
0.00040000018493230056
-0.00025952561510333717
-0.0009319981692978394
0.001859979346283831
0.00027677411879543484
-0.0019805314628972247
0.0008980065690512732
-0.002209363755438811
0.002430164280203611
-0.003996959357964244
-0.00517185644442429
0.002623889973457677
0.0013893493249815417
0.000687596150461013
-0.009137370830556548
0.009548829726242995
-0.010412737164814783
-0.005397688304129178
0.00036818044401111793
0.005893859247813157
-0.002818538484862097
-0.0024333978851424406
-0.0013614841333435955
0.002241593589466842
0.003803237806915057
0.004375841542079288
-0.005663386044705005
0.0028980503294105974
0.002559293062392217
0.012472705302890621
-0.01486583151181773
-0.0016151314820037261
0.011705772049719631
0.011580755099347462
-0.011105617882299756
0.006074822189122801
0.0043847011482751955
0.0022968854289696955
0.007579205983677922
-0.00914900461105725
0.015089377480178181
0.001317737456445924
0.012497357996583063
-0.0004707744557458059
-0.004204630926761658
-0.002224294291782233
0.017922336912452822
0.00812613411824639
-0.009917819213664412
-0.009816708604906159
0.01290970737848402
-0.009857472788862173
-0.006933732394239749
0.0036259646145173
-0.010120799700079492
0.014145110708285887
-0.023798216441882677
0.006322686548150304
-0.00031431649676609097
-0.00010734015500042019
0.0006917119531498447
-0.0012479415815068399
-0.001911610410689647
-0.0006537982437906693
0.0002614556228728475
-0.0026777078599501485
0.00017214104409730792
-0.0002784870749871962
-0.0007277037397463095
0.0011356932406735296
0.00010481211571746421
0.0015614126323065236
-0.0002359854909279307
7.67571822404992e-05
0.010647884245678103
0.0024910734480534107
0.008372356035341939
0.015294537987679643
0.006768781436121121
0.0014991791071229496
0.002198834468268587
0.0007313727339770138
-0.000836948065224834
0.0001980481768007683
-0.005857544891855286
-0.005884227518820814
-0.008941188366344098
0.007425263597617261
-0.010459381494449804
-0.005123452223055314
-0.0016640098392267544
-0.001977749862681931
-0.007163970741103873
-0.002583858563169717
0.001634499721245551
0.0003938927138557046
-0.00023205400181723084
0.00505139898369864
0.00021948141425156601
-0.001839614450192469
0.004827355736667247
0.0012479488011972169
0.0033916286545918987
-0.004763676708821287
0.004218137938176808
0.0037339142780937716
-0.005305828703629174
0.0055220942000389845
0.01548705760887201
0.005327187431087878
-0.011078731137524294
0.002166600519573223
-0.0037661056190915324
-0.005257587252495049
-0.0047556574996560595
0.011878361929349171
-0.007163330029622417
-0.008251119055125114
-0.0036432864844769476
0.0015797346194924705
0.0037142675040096156
-0.008745692620726012
0.0005367555538588761
-0.0030067628757151953
-0.0015126469395478049
0.001733733135962805
0.004419885137596937
-3.0280108466264865e-05
0.0068128750641948
0.004876010408831788
0.00013182202054164326
-0.003864242281621849
0.0033672405769341308
0.007058251277744241
-0.001417670693008512
-0.0038688992955476557
-0.006484679915733286
-0.0004694303236594979
0.0027187627025846606
0.003782407960288772
-0.000567556435171229
0.005718852784017319
-0.0014953384057580842
0.008795553212247328
-0.0015684586504391333
-0.0026087087367686647
0.0029671539089985766
-0.0018689164630438361
-0.004299173968659299
0.00825391818009738
-0.001415190974088769
0.0055275683309842375
-0.007997449508130734
0.009380448517611592
0.01366820006175594
-0.001482021085317753
-0.02633015179130824
0.010000870199622546
0.008680156452970243
0.02268934756478105
-0.0078060079551036205
0.0005685062150156986
0.012082778637843336
-0.01776141650583115
0.002402467587780352
0.019741949125226917
-0.0016442123050345481
0.012171832066292921
-0.01612113680007136
0.03477200779587077
0.00602839050360851
0.0013531100246216888
0.0017223111038127891
-0.0013316482892951173
-0.0013394268532550184
-0.006415122449613693
0.0027223274384860705
-0.008369797464659327
0.0010925067765363912
-0.0035726902776636077
-0.0045037396220610065
0.0007107738797437878
0.0010876398603799624
0.009559697591446774
-0.0016470035656870232
0.0005234226720877883
-0.00029153627165784347
-0.009670101910106515
0.0010399359351716275
0.006322013810745767
-0.005201182247526676
0.0026099007183201005
-0.001076095732007958
-0.00406374536142103
-0.003493867821193252
0.0002249621245673647
0.0052290279867328775
-0.006014833872865534
-0.010228481647305606
0.0020275218577357756
5.715411953324854e-05
-0.006808350088434747
0.012518562101473346
0.010624406795105016
-0.002096835915236217
0.003210122396129814
0.011328926743730476
-0.004280840462829087
0.0029056063836711255
0.003397133692434831
0.004316641880919752
-0.005029757985970308
-0.008219593393508386
0.0023940411934861646
0.007171218227155237
0.007259085095580166
-0.004834749494403726
0.008889787593565153
0.008796285444020804
0.003431362372000735
-0.002015729355608712
0.014040521172291187
0.002696206901794894
0.011615434549695358
-0.00177965922537618
-6.21098042789251e-05
0.0030746272603204296
-0.0037950244438230587
-0.004419327237968578
0.005784906423799573
-0.005034034358076135
0.008549557474446792
-0.011410322318815128
0.011011005312965281
0.001090684936888457
0.004013085732931731
-0.0035602308574651785
0.011045777896852946
-0.007752169390988374
0.015928354927033563
-0.0027436482694566393
-0.0017728191166162457
0.002011368664950697
-0.0014771211774765507
-0.003029371809975994
0.012356401199663839
-0.0012228049074396801
0.005634728443093999
-0.006426066103701088
0.016430416510057486
-0.004398744986602273
0.001517851667811781
0.002067378513415335
-0.010909920755675014
-0.002643482660082936
-0.009441555518478226
-0.002550926340705101
-0.002463781513129524
-0.0015127969324904898
0.004341486685582422
-0.0005447905035517422
-0.008422601721007261
0.0060766626401423
-0.0023810757388909726
0.011737920521411286
-0.006102355407580673
-0.00014538856872697565
0.00029862891224319337
0.00027020473900574214
0.00041279010454694544
-0.0012506967537379882
0.0009691878795612949
-0.0016032725362212443
-0.0011330502233415768
-3.691517876704988e-05
0.0007622918207972584
-0.0005513149290344608
-0.0011354975799318771
-0.0003966750679566913
0.0009655227756723809
0.0007758819707443432
0.00037424188571642017
0.0034259471153388252
-0.005872074595571477
-0.0008677157298839663
0.0026729182388484864
0.004768375133955985
-0.004619070366194076
0.007704525974019736
0.0028878536039795228
-0.0013893001522864935
-0.004646255081739547
0.004360310213711578
0.001309119810310001
-0.0034471132953135526
-0.0012825221990536652
-0.004306332297945288
-0.005015192946299127
0.00045600542254372174
0.0026474157424730108
0.012615935166823286
-0.0030861793733407256
0.006422884766518986
-0.010881330775562552
0.011160514604541523
0.0010252857453158467
-0.0009747952917688376
0.0009278206274320246
-0.004463752102992855
0.0026916676143302416
-0.00045794164474692004
-0.0026990575881449424
-0.008651023536375339
-0.013058335092748919
0.005984407454371242
0.002777798189354755
-0.003458467713344042
0.0017367149726411743
0.0021977129402621274
-0.0012439775553347726
-0.0017659558030100387
-0.0009098667975016371
0.0014310124263650847
-0.002339435101286194
-0.002341105075395608
-0.0023590701249033264
0.002531444225694551
0.005451061861383733
0.001748551362365967
0.005104617836937346
0.0006781650126302411
-0.00021470523471367266
-0.0006443746533836988
-0.0012954725170819937
0.003331052866754288
-0.0028655801922835163
0.003829638313866185
0.002734414110837479
0.00020255615295220313
-0.0018424340393929422
0.0009538287325701155
0.002456527832396667
0.0014843440838434477
-0.002097824113370369
-0.0015655119770817487
-0.0007758899244375457
6.0505201941967344e-05
-1.9155785601448127e-05
-5.74904599959413e-05
-0.00011558075806994157
0.0002971931943239709
-0.000255664189372668
0.000341676487624269
0.00024396168320083144
1.807185671733157e-05
-0.00016438011625793735
8.509964242828308e-05
0.0002191689482752235
0.00013243168973873338
-0.00018716576239448225
-0.00013967340772789945
-6.922412051420253e-05
0.0009632904655255322
-0.0003049751928309367
-0.0009152933994978512
-0.0018401366935982784
0.004731549706849045
-0.004070375242036542
0.005439758768814531
0.0038840621275229156
0.0002877181913523088
-0.002617060907674097
0.0013548533273126315
0.0034893422620963593
0.002108416796643607
-0.002979826338904698
-0.00222371065021473
-0.0011021025157420287
0.0002940406059726075
-0.0013633527122892662
-0.01115092878736468
0.0005624247406073691
-0.0024032556121956383
0.007985549708351374
-0.009713795382774207
-0.00011120127564466551
0.001962305408236726
-0.0013462706578681503
0.003205261058123835
-0.0024409361713929726
0.0014086659441913546
0.0018785503372471244
0.006540504899808864
0.010979053602403355
-0.00048389326555549605
-0.0030087450371326747
-0.0037648636685149338
-0.006897455733603015
0.002686622762802042
-0.0025468354640237304
-0.0020077902325479607
-0.001958892666959257
0.0019669872121007032
-0.0023080791440971467
0.0021449362076146348
-0.0009831127625549467
0.0005596780895617237
-0.00025182036107322133
0.0008525774145022385
-0.0006786785470932566
0.0011156507960573296
-0.0031900214535629805
-0.0071170631676336586
0.005404030363636838
-0.012446179723824205
0.011115521523409798
-0.013043125453669712
-0.010521023253339588
0.00037415293005458146
0.00033389867868845554
0.0006442721090021148
-0.0053122696100001135
-0.004177703140098556
0.010606327761875006
0.006906899901017872
0.010300066464909384
0.0035266334352829715
-0.001254444277419665
-0.007983666486903532
0.010069988448660234
0.00122448203779557
0.012488936209567189
-0.0026634820424030455
0.003863030980582059
0.0020060441869565924
-0.003949447051285059
0.002392519347125962
0.006001561594891149
-0.003432933242877541
0.001711594025309432
-0.005645557125524097
0.01158591175567257
-0.0050917225066308735
0.0028066076985195096
0.01183373900065475
-0.0050996651627913175
-0.0007138512717723143
-0.0051871382229864435
-0.00017103023241638805
-0.0022878560585823846
-0.00168531723504602
0.007131091071833547
-0.004205414866148974
-0.005631769288521079
-0.001003159788130038
-0.0030184109861462684
0.0004478783540704598
-0.012112815447829672
0.0008575665899708462
-0.003602473092838554
-0.0029424097728329465
-0.013256633131466706
0.010844984140173972
-0.006735977726717104
-0.0007387786694967619
-0.002422346017300342
0.005044009940709328
-0.004851589247375179
0.0012764201641120387
0.00015912039697898368
4.979001258970354e-05
-0.0008695270813551499
-0.005158771846234763
-0.004521479421794099
-0.007864871482301498
0.0037473073977568228
-0.0004385951521617175
0.005580492381869258
-0.004442331764605063
0.0017057230294222259
0.00526583392410625
0.016203316795954804
-0.006514242805723918
0.006532165811961366
0.004969324064897753
0.0010433270494891846
0.0075880281118891795
-0.01478482606016591
0.011403451766268653
0.0013430270703774416
0.004554997362112118
-0.0037367015386037218
-0.005879197230799921
-0.0005773522907698899
-0.004938531843080715
0.003106887633529351
-0.00444176789200024
-0.011825028942651897
0.003176863348128352
-0.005804141924600678
-0.0006615112498786594
0.0026148766000201307
-0.002857551226724674
0.01166779356425579
-0.0022202609985875004
0.007566272979318148
-0.007659698490731869
1.6736217867190303e-05
0.0027174786499345807
0.014376974409769348
-0.017650087453518346
0.002666984573770187
0.009952767993481252
0.01007468888348092
-0.011519850239701406
0.006704863215584815
0.006000557422583269
0.002798634659712033
0.0037144161759208247
-0.009312552160570321
0.013571721893506427
0.0008853148273208946
-0.0010950194658829514
-0.001408477796739007
0.00018963980770567542
-0.002509056832192585
0.0007074173386087557
-0.0032522527169489028
0.00038830346332903166
0.0007886464999570201
-0.0009206153358533653
0.0006625478954349528
0.0015316909728468884
-0.0030062567790731976
0.0005158407695827406
-0.0020344412121395174
0.0028063802277006143
-0.0034988005986483863
0.008162686257764175
-0.004012272339632963
-0.005543628077190726
0.005950970401852829
-0.0020358168959229285
0.0003048794113833708
0.0016671124636494137
-0.0058165999376532445
0.0006026720955459908
-0.00700883317398902
0.0009208831316587981
0.0018300295831735701
-0.002896400910786294
0.010012655944960805
-0.0022956421752975535
0.0057910983393750365
-0.0011572807570180798
0.0005363403575212625
-0.0017683451604384906
-0.0044394059866491664
0.0064477733712842945
0.0010782091176581249
-0.002379851453092763
0.002997865950677019
0.0027210131573819313
-0.00034950850749188
0.00041408608290002466
0.0005592942763218104
0.0005638547160945126
-0.003558063659654517
-0.0027115220267918323
4.249413277542202e-05
0.003950607158603555
0.003928072200268813
0.0059247936433872855
0.005335700292786407
-0.00026413292988917633
-0.0004164527480965264
-0.00209248604679198
-0.0020931193032374088
0.002546393399352576
0.00744951775271116
0.006053597002265684
0.00039466567012281395
0.005120941145996141
0.0013428553525536566
-0.00012857799237168206
0.0002506785706758489
-0.002139146205176281
0.0013198290860511389
-0.0010441626938403267
-0.0023623292897943264
0.0005705484078098252
0.007847918518007079
0.004294305124753483
0.0002926795437884306
0.0038683386224993887
0.004716145514951722
0.010493082224068685
-0.0006864002266505988
0.000658140920401645
0.014636603368319859
0.0016540881879462397
-0.00033674145778669375
0.005857762227375584
0.008700269433032736
0.009141069621164417
-0.0026048575306504445
-0.0014372564614103538
0.0014948051005850092
0.006012836584032643
0.005377869992748998
0.002605629347164809
-0.0005802212115023452
0.000381995109226326
0.0018913611982672351
-0.006803474298144361
-0.0043523272117872835
-0.00036342394698433316
-0.00515065090024862
0.001324625095602361
-8.475277599673451e-05
-0.00024346924242976285
-0.0004614447465432862
-6.560413833558224e-05
0.003461940401313501
0.012673104815850045
-0.0008927680002775135
0.002716425553295962
0.007502380815136519
0.00027313251005406586
0.004301691513191603
-0.0002903157798751096
0.0057284290309893345
0.005990399093310464
0.0037140693502027626
8.844043575947616e-06
-0.0014353813985265548
-0.007837441881562128
-0.004482354940835502
0.00039732003856822126
-0.008181035577360942
-0.0025672754824431357
-0.003252202959663548
-0.0018745437051233577
-0.0029615142327842725
-0.0007435884332639077
-0.0002548887113403246
-0.004040323476692242
-0.001113280345935947
-0.005098186243899173
0.0006261782806954653
-0.0019357199358429151
-0.006531869897203219
-0.0013993172220793557
-0.0035292410898607476
-0.008988339149887045
0.003014603244720822
-0.00552706069744734
0.001692998037994996
0.0001922911125094088
0.0013153098916518242
0.0003296528736542964
-0.0034170067895047005
-0.0012760660662980415
0.0009127362455149185
0.004316215894973132
-0.0006135759987283538
-0.005026210812508138
-0.00866096660777877
-0.00807894861166745
-0.005118233843178247
-0.0031878682228403876
-0.0009207527060413414
0.0007174670418729524
-0.0023531595750706014
-0.005048156429615966
-0.00047104305230049904
-0.006017897076436706
-0.004444567388145016
-0.018496290225382832
-0.003691657222814786
-0.005214995187236689
-0.007773551493083041
-0.003086345664892375
-0.0001819764151084002
-0.0005227635249166745
-0.0009907883223764491
0.0017831761500918934
0.0009734406767090447
-0.0012250512405939623
-0.0035162300717544548
0.0002798545053533256
-0.0005124098593494138
0.0012478953566639535
0.0016063207930140588
-7.893584578475436e-05
0.0034387670674512877
0.0006968936443791882
0.0007773069382272563
-0.003546633991035399
-0.000579207501242375
-0.005500664627691333
-0.0024634623682141268
-0.0008324317060528213
-0.0003411655543948507
0.0029991172862467675
-0.004873396601266547
-0.009386439184591821
-0.001704199143379781
0.0022549834809790937
0.00274580772468919
-0.0012406137927189708
0.0010231564674558853
-0.0023177552999746782
0.0006789508214412652
0.0007607696663974921
-0.003925229534618773
-0.00020142508249913838
0.0010295981070376436
-0.0031256903317836964
-0.004836002764044522
0.0036979821161782682
0.0010320573883997033
-0.0007566837991686545
-0.005849020711580062
-0.005010209694004447
0.001972350411265163
-0.0005066255106579249
-0.001580896464649534
-0.00510501380218271
-0.0011344397806311325
-0.0025027872205490268
-0.010179278948249623
-0.004174234544684674
-0.009230674203504331
0.003728085073819972
-0.0005492582607110141
-0.005620220724318167
-0.000679135488957508
-0.00139657514384374
0.001970987062307727
-0.002092720623445096
0.0006206971914383002
-0.0005117367862388478
0.01259481922294767
0.0038645584757196726
0.0052028449891567
-0.0014030320727876743
-0.0001793223539022157
-0.0005151392050801554
-0.000976338027548993
-0.0020782016142319474
-0.0021934443654410395
-0.0024761856023039607
0.0029743994520078773
-0.006973497290092817
-0.0070203228042140225
-0.0010432070633832325
-0.008716489339701905
0.0010116371417242908
-0.005375014433807203
-0.0050364952365205195
-0.005592314259281007
0.002491139883090623
-0.0012250084819261063
0.000963820888588546
0.005552825917784911
0.0019283026955798164
-0.002581303716238449
-0.0006485882234978773
0.004513349889017941
0.006978930281744502
-7.578980084871986e-06
-0.00408477363901939
-0.002955685253084759
0.001270074777062326
-0.0006508566006514652
0.006964767289204023
-0.0012878225828905042
-0.000628361409622809
0.00016442999816039
0.0006176225037787998
7.544803202373609e-06
0.013810296710239157
0.001902870082518855
-0.004313739794030206
0.0017290514119619454
-0.001041369872488117
0.0024332902789041197
0.0006164416245023793
0.0033471978704719785
0.0014937181994064352
-0.006301627772572775
0.006019502302857526
0.001724993128564367
0.006132242133994949
0.006862307771256113
0.008528331288425601
0.005934001126635285
0.0014796195561641264
0.0010438936786515808
0.006262266976639442
-0.002686590377975029
0.006726821185614478
-0.0005615610972932596
0.009246307110954541
-0.00033463342112555173
0.012483460782641797
-0.003904441245818702
-0.0017721850800036026
-0.001635805659351218
0.0024855954193386868
9.464983814570111e-05
0.00027190052618832696
0.0005153302657034965
0.005364686816839319
0.0004263828217248242
-0.006498349506525103
0.0023963033297882733
0.012406775956505068
0.004861397732317336
0.0011975725236872611
0.005185602746368976
-0.0001486594305207244
0.005012356165521461
0.00701504763804263
0.003025391643795838
-0.0036978335307365426
-0.00457326578993424
-0.013741338398150648
-0.005353919265368121
-0.0006301055796288443
-0.019480072786017242
-0.0017459836687563905
-0.004666059387190328
-0.009065652844568462
-0.007122161695770428
-0.0048594846808336254
-0.004338208534313376
-0.0032371040695794292
-0.0008856599441439972
-0.002409255214984569
-0.004014123286499704
-0.007346236942267935
-0.011775828115010717
-0.01004183619252575
-0.0034770504054323094
-0.003265760400915752
-0.003418542923415178
-0.01326606148117317
-0.0005878660195770105
-0.0024389045237748447
-0.010729321646201464
-0.011545593902109096
-0.001091054331820921
-0.0006496449463810106
-0.015366757219762116
0.00048644566905811757
-0.002882023543033113
-0.007163208363412131
-0.016785410211157186
-0.007915341452247114
-0.008880330614309801
-0.0011527487887583298
-0.0015795594705294853
-0.0026316637509108056
-0.010051166035062837
-0.003434763458157075
-6.952135968474576e-05
-0.0021865007140124035
-0.010772055044098103
-0.011928528002393518
-0.001222313627513669
-0.0063409461156772986
-0.008116982889997366
-0.0025128110575830527
-0.0001847249511605396
-0.0005306592425794334
-0.0010057529947075762
-0.0019434908048173456
-0.0009366063747454
-0.016198291058924914
-0.0033252772698770926
-0.0012670428833045696
-0.0038741582440908026
-0.0008860528185625712
-0.008095322262759573
-1.0678241710211467e-05
-0.0038343226058398664
-0.009455847545325483
-0.00655919008662319
-0.0021776904868177718
0.004877496587627207
0.009291988941296112
0.008721810199216326
-0.0034119000365018374
0.004872720549533626
0.0003744819097662441
-0.008026523731802349
-0.00986249758035404
0.012443491848144332
0.010366982717658884
0.004471975897512564
0.009668697243157809
0.0035123254402319626
0.0018029324289325402
0.0016397008479345956
-0.0005687622253597578
0.0018083826620239173
-0.002416068202675886
-0.0007668393730283604
0.005507833480570468
0.0009616022852442636
0.01084422924378994
-0.003138528909692663
0.00414778214015633
-0.0021192642699689635
0.004827149881622941
0.0029203189153663434
0.0015870627197345786
0.01881013569700494
-0.009831325169996697
-0.0009209625118341774
0.010196757440966521
0.009018690679726441
0.01572107002224318
-0.010576969686469347
0.00271932229294389
0.0023284032058192646
-0.0002755890527773082
0.008051213408839766
0.006122490154391528
0.0008468652798819774
0.003687619530983292
0.007425839874190722
0.0006956721330119354
0.0046888326159612685
0.003975181452834788
0.0009230764126142416
0.0028487346096623283
-0.0001698476129523554
-0.00048792112314535686
-0.0009247518773048989
-0.009328364803971772
0.001002251193962043
0.017804369944796214
0.004450414055731175
-0.006815555969687276
0.0017173675338616034
-0.0022220014867033295
-0.006968120535948977
9.623472964910608e-05
-0.00322872159285057
0.001786205314812422
-0.0030676990256104817
-0.004274359391622597
-0.0014080162092380334
-0.006853282738152399
-0.004630112367517843
-0.001643160593420141
-0.008590320208476467
0.0032906986925029633
-0.0028015568860724036
-0.010397530054882568
-0.005680503428755061
-0.0007950910791064468
-0.003123691715183531
-0.00020412435105849323
0.0010370695736482305
-0.001622043497347852
-0.005259201047230451
-0.005514839122580016
-0.0037735444866143115
-0.009363915545421823
0.0017463111804957596
-0.00314556230658358
-0.008112219397730396
-0.001759346168681416
-0.0024220510326934705
-0.0019336838752997297
-0.015310389107458659
-0.011781346195344131
0.0013012424628482048
-0.00039195287452343207
-0.014136380900131654
-0.008141768283785388
-0.004104079547556888
-0.006644625664706846
-0.014096054001537016
-0.0057912802311610445
-0.00706659162561606
0.0029564180000003853
-0.001428548610721936
-0.007991235371265042
-0.005619780413508717
-0.0023676187731048776
0.0015217577012637384
-0.002106025361623867
-0.0070058774250395224
0.004331528276547284
0.010277465036368479
0.003864351645141108
0.004886530271555223
-0.000758131405854885
-2.915777121480464e-05
-8.376150969830598e-05
-0.00015875232627779717
-0.005505999979901719
-0.0026288620912229563
-0.01308648536347506
-0.0009217424704932237
-0.010057773419186606
-0.007307015976304929
-0.0034275242844900387
-0.014433929581891485
0.0006115338165407822
-0.011350494281208807
-0.017350634814258338
-0.009879649835411869
0.011003196548125259
0.005345711887402207
-0.003233221282873146
-0.00812378143285439
0.004973518963599938
0.007889464656912676
0.00532927247854514
0.006599727921810664
0.014769348236074637
-0.006914854776433676
0.005809079733345231
-0.0002720969285147901
-0.007058085141356
3.25489833664209e-05
-0.009803162050860282
-0.0009493146710355526
0.0019225742482193605
0.005936050178489372
0.00786278791650821
0.003952507818391336
-0.0208307496876922
0.008963463794971312
0.015000568841097683
0.009314425778701825
0.0025459922240401844
0.00818088671457137
0.016483106889732004
-0.0031004601845424466
-0.0028987965447791583
0.0072842317577556884
0.008766158892557245
-0.001508808468361032
-0.009683703921300016
-0.008059565150479753
-0.015825921213096877
0.003587544533822827
0.001188993789097695
-0.0015425780018600902
0.001935879812063604
0.006274500419859303
-0.008953774611462784
0.0021629709197482573
-0.01394665972824613
-0.0025300920071665224
-0.004447504534302961
0.015503320241970302
0.012055238902773826
0.010762255853478602
-0.0036400706539274647
6.770222629988572e-06
1.9448813981829504e-05
3.686113674503201e-05
0.015369555529233043
0.0021322591037471745
0.003293649274807727
-0.004232140394284353
-0.000590916980036876
0.0010307678457790888
0.0017845681227221456
0.008847147501134665
0.0017634653168265698
0.008294913841833985
-0.001392675701768969
0.007123687483328837
0.0036597002986871676
-0.0004068162805085406
0.004935350816158074
0.0016552173167068537
0.0018443325178515092
0.009847458466769429
0.004066226816869935
0.0035453591248866675
0.004778769271464477
0.0018256301515353103
0.0006982543461707956
0.0037548865285372875
0.0018339785959764112
0.0012390994171737244
0.003342235167732008
0.002229786806146244
0.006211278171985727
0.0030991234821142024
0.009396924589689375
0.004028900796252535
0.006519932444474422
-0.001769563419257774
0.006152632934566718
0.003927890960490564
-0.0016497166010569118
0.003390732343084247
0.0025675413866652276
0.004325675510253824
0.0007578331262210528
-0.0029748279032193107
0.0009145346590330439
0.0023082818374654222
0.0025478308224432776
0.00580493256639587
0.0031316275579932116
0.003764673181930745
0.005123094450439922
0.0002994135941605334
0.0011617769188496945
0.0011644311043586244
0.00319755422943881
0.001589253490478526
0.004365242759743942
0.00809990491019546
0.016489371979080004
0.010750265361193693
0.005951384331718639
0.010874678928514675
0.0015742641238022709
5.6211326876888256e-05
0.0001614782407978596
0.00030604804596095955
0.0057685951994658966
-0.00018366504975714874
-0.0006952056045925921
0.006128274206870297
0.0038795570574224605
0.001367084616426634
0.0009535347294028098
0.0029717107263286598
0.0009886742719865697
0.00039369264397996626
0.005412210342300123
0.0009072468981858846
-7.723213135090644e-05
0.00023786192572063127
-0.00030804258902311426
0.0028912459064526414
-0.0001162195704138036
-0.007652070115738757
-0.001042998618392159
0.0025494346926865272
0.0019207902241520406
-0.001689291231574341
-0.0027844019915843152
-0.00617679903993865
0.0016695428157258844
-0.0003846620952216443
0.0037498926341889153
-0.004991792318643109
-0.00606889175186248
0.0007083654016383093
-0.008174239803441433
-0.0004766966517684109
0.006662349934693662
0.0003402612570515839
-0.0047783942864323145
-0.002451558979730462
8.852960696899205e-05
-0.005008796783649902
-0.0027926008623377066
0.0006739883671679609
0.0008558373931887674
-0.006807354738071902
0.00043171065839450246
-0.0016408497795594233
0.00198166606945025
0.0013799144553828656
0.005192374799340748
0.003139094881021273
-0.0006294421138301856
0.0003944048286577503
0.001996859266016397
-0.0029704439702937994
0.0033648124955587408
-0.0009063334669524636
0.004460594502010431
-0.006515162959196905
0.006615149601582963
-0.005782201239112108
-0.001253379110533386
-0.0035154178838749297
0.0018221993258156792
0.0001287102737088028
0.0003697459164525424
0.0007007756257017927
-0.0012457562790736756
4.9367181542565855e-05
-0.007098852805912575
-0.00235037240112212
0.003529587331674728
0.002324331212577768
-0.0013164273745877697
-0.0017630247926686982
-0.0005629986353589758
-0.0006339647779808424
-0.004662921089019382
-0.0007981870517759446
-0.013582068287125252
0.0003633654230435966
-0.003944006647907442
-0.0047775007335204255
-0.0034728602680272553
0.00979280725930474
0.00029764855505680474
-0.00010492126867220675
-0.00909352928516559
-0.007570691615424886
-0.003970274119636736
-0.0006028893447870722
-0.008585116773223104
-0.0029825307121483665
-0.002702104502632984
0.0010380446085352176
0.002185572138410001
0.006826110132364836
-0.004092388792793799
0.0021898477324999166
-0.007841528041510592
-0.010276528484045403
0.002349412259529504
-0.008212280830865566
-0.00045722545392822906
-0.005160022025952515
-0.012506499690405003
-0.0034600689484554988
-0.001703715391847881
0.0012627881436934859
-0.010906505928740276
-0.0006269641687838453
-0.004593117528819517
-0.008955728672093492
-0.011149872645122528
0.0037615231897886797
-0.002810323932056939
-0.000911403042281118
-0.01401388098623055
0.0025863940792092014
-0.004949625306380404
-0.0007345000118147434
-0.0052500810092814595
-0.0036979788035348075
0.00016119538803122997
-0.003627567258183108
0.0010361103177397558
0.003112223610069516
-0.002054478861698892
0.0002130061111348534
0.0006119025117585623
0.0011597325256765699
-0.012117324183659581
-0.007020942361029053
0.00038015107033893255
-0.002898302862461395
-0.016001196620791677
-0.01689952792199272
-0.0024096402325107925
-0.010037515141518917
-0.0008690174097472764
-0.010491236720365092
-0.011897538616579502
-0.0035913960112638043
0.004390863650509445
-0.003166420921770406
0.0052713679002377705
0.0002003541909487825
-0.0003391603681230982
-0.008391237031097313
-0.0018751587020124686
0.0005860029961023357
0.0016149570574487218
0.003994302076852567
-0.0020826390372464406
-0.0012772592234461507
0.006871642274403177
0.00141072626788684
0.0026186747324629476
-0.0022628751053876753
-0.002728092066744217
-0.0035535261537551783
-0.0021803929098951464
-0.001260441731705692
0.005066302302826432
-9.713138187832761e-05
-0.009729863625854554
-0.0011767061797170295
-0.0020353054751118156
-0.0030884046089653494
-0.002069072914104738
9.84619762504169e-05
0.0012892310104840503
-0.010989553156397654
0.0008679630918031969
-0.00029652112016057496
-0.0008137505314309362
0.006740631626646322
0.005017696530097321
0.0017915653051081867
-0.0012410707799867737
-0.00035576853966409603
0.004030071696066457
-0.00600268018460868
0.001063710864040264
-0.0009688840967634375
0.0033920043856942
0.000643824341200923
0.0011088401826879766
-0.006525606735312218
-0.005146471711432282
-0.003799131338320078
0.0018232260789107697
4.82783723452967e-05
0.00013868924766669932
0.00026285630209040223
-0.0008038429133766873
0.0034003646498687325
-0.005446691124343414
-0.0008710061710364542
0.004021511579817831
0.009061744832654822
-0.0003146531988592704
0.001847652593437001
-0.0005776110814224865
-0.0017236793281775254
-0.0011019650643264518
-0.0020618083243788134
0.010353852827751298
0.00680039971977661
0.005264082846738378
0.003247025256326789
0.002935971215840268
0.00983529821046493
0.005370894791689759
-0.0005693094119901058
0.006704602333851242
0.006397175704357971
0.012656190544010513
0.005059824811658713
0.0039014917382498926
0.003515046413293776
-0.003206011205655856
0.0018617991164045873
0.003197006919382341
0.0035296578970274595
0.009115930862164315
0.0026946368103361704
-0.0047174104062613995
0.00931913653179147
0.02008997646183188
0.008859768503516658
0.004305479164520615
0.007751757673593955
0.019251980698550802
0.003166622248837892
-0.0001388344016665777
0.018269570177816115
0.00337764590267179
-0.00021038891046309315
0.003920250921540472
0.004089846448413143
0.004713954954287266
-0.006156075658077676
0.006054589638834967
0.0011733994247466151
0.005721635563956631
0.009995163215519527
0.001514584732406406
0.003102937676650865
-0.0031584133418629764
0.007738022370362042
0.0029412527484888244
0.02017366097763327
0.012917548129715817
0.010784777087335462
0.0003914298919071241
-0.00020844554070176895
-0.0005988013641521
-0.0011349020556083265
0.010440590070922295
0.0035301836031754303
0.014582520559544324
0.004390438384744267
0.00196176308932842
0.0059112184986390036
0.001138757858462433
0.005083274467883199
0.0020599170995947848
0.007799432121839286
0.007839554201667097
0.004475855416380208
-0.003147491059747545
0.0006596078019344812
0.0035185501481868357
0.000820280976537163
-0.0030999808515989468
-0.00046714076869273794
-0.0008405487341554041
-0.006463600980777912
-0.009652565996835791
0.00583116967795874
0.004324448462034749
0.002959011673958714
0.004776314484907196
0.0017670812102787252
-0.0015007689586840893
0.0009969782125838177
-0.0008157810829713865
-0.0016892580769178728
-0.0030005657654891397
-0.0013398764753021085
-0.0020320139862942707
-0.0022295320568207033
0.001290362259020347
-0.0036694002973672382
0.0010984200811749263
-0.004161810244267174
-0.002054359754990514
-0.0005187963543800031
0.00034251578175008735
0.0062497346707615165
-0.007790091230802656
-0.0011539472945676318
0.0009967218016504428
0.001040196791541586
0.003463590719498422
-0.007583648646138804
-0.0004613304069764676
0.0002953394021203454
-0.0032227354260763123
0.0017251002913641735
-0.0003780937604658021
6.486435519002956e-05
-0.0013604794860853087
0.0029245620348860427
-0.006854412958176446
-3.119918192430979e-05
-0.0009354386283224706
-0.0016376762178672247
0.0003066514693122135
-0.00011529856353822613
-0.00033121810569335667
-0.0006277542629488816
-0.008754181170229938
0.0004206333950977919
0.007674858147827183
0.0005217531812538666
-0.008462232445087824
-0.0007144520973266396
-0.0017265996808955597
-0.006460375431603211
-0.00027213358633086264
-0.005567228935482732
-0.0034676988511303437
-0.004430511339998311
-0.0045675005013211456
0.0021779198484147737
0.005422277724865541
0.0039224313831446676
-0.0038405165292839127
0.0016572638807105214
-5.172296091024698e-05
-0.0075239771313526166
-0.011927423638065406
0.007906965217700231
0.006311874462152034
0.0032550328194422386
0.006664844254183801
0.0024454158742584957
0.00020106287265399728
0.0008183453890834161
-0.0011014813355294565
-7.08157087993003e-05
-0.004226355582273471
-0.0007587465811130021
0.001610798989862957
-0.002912828545786325
0.00498935270179072
-0.0046789863797279925
0.0020470870535584914
-0.005589847087290326
-0.0018880583890129503
0.0011447594739912052
0.000888444976821489
0.009871210466466487
-0.010752806060178342
-0.0014177646858122349
0.004552446325354765
0.0030453381113923045
0.008312020137126709
-0.009228709340958338
0.0011232710914958835
0.0010581180165435754
-0.0038577130806599336
0.003864073735846436
0.0024195267738589023
0.0004440165155841387
0.001078466485317847
0.004155112517527252
-0.0021067846785951115
0.002366078861529515
0.0013854635283980503
0.00010224272969499945
0.0014516676668527345
-0.0001191474019472308
-0.00034227466119439475
-0.0006487096386665768
-0.011045650591774252
-0.00023807822014105924
0.01053371804598136
0.0022557389537805153
-0.00982610034312737
-0.001651264168807782
-0.002571013475059219
-0.009268755971723393
-0.00017438507045500966
-0.0069144794637679575
-0.0037642586107234227
-0.005417268844513769
0.006187015651711488
-7.014108757382111e-05
0.006235898286833873
-0.005716707934330434
-0.00017776784199596002
0.0014533090016876345
0.002135428561353178
-0.00021486134380049133
0.0010224937105033024
0.0031809208941067785
0.004111954774996319
0.0028438517665638806
0.004749760278951465
0.0026109218793766084
-0.004780703347741046
-0.000520081456453827
0.0009253567603575014
0.0003202231715531483
0.0029534362021205367
0.0018126969454351756
-0.01014611881741655
-0.00023860117969080741
0.0023847718342181775
0.000986901437826442
-0.0006725871996545585
-0.0018606144029596284
0.0032370522556110872
-0.0017990212869931478
-0.0004969674131390312
-0.002995696974845047
-0.0027662505214480874
-0.0014469321976316347
-0.007218529871269686
0.0012574634717573824
-0.004894552203971733
-0.0009747525176758981
0.00011352880027177688
-0.0014182149005726053
-0.001088071255598618
-0.0003651267424775704
-0.00569615648763578
0.0008584156473754645
-0.006793056842907159
0.003778820522433767
-0.0032826004442584812
0.006226060732476696
0.0031837491508151738
0.005882244450516571
-0.0005293973086615914
2.054501503324422e-06
5.901965082588903e-06
1.118593360895773e-05
0.00019638681976858754
0.0032352353045167013
0.0022662872147045754
-0.0015050778656818242
-0.006640796417785454
0.0049466237002427195
-0.0008034163935068803
0.00011618913997420331
0.00045070870051210174
-0.0042506836616832714
-0.0060512733530585045
-0.002523065400316256
