-0.04273180935726127
0.07696138795865093
0.10844210106107166
0.03741680212434131
-0.0031437655498982994
-0.004425542236071316
0.09739277609170183
-0.11227107651933786
-0.03318121711190419
-0.04985948901569463
0.01114614081126478
-0.028872684050893608
0.046982695064467506
-0.017899943290165567
-0.0005483556527782804
-0.012542092727380863
0.050011761464279846
0.010599800147909033
0.1905316001018224
0.0675558942622462
-0.06574692886942883
0.030066049774864552
-0.11520616878033307
-0.15250401744719588
0.013181069227375731
-0.008370350695307978
-0.06969313529926807
0.13377245274941757
0.0646401219995397
0.11449281090520413
0.11616968291540783
0.07984583139919689
0.08082554489173573
0.014006121102859315
0.0677556218896131
0.01589261832570555
-0.005016593918799812
0.13094072153183028
-0.01436154260215854
-0.006364258058198187
0.0806416815588009
-0.00859331985119998
0.04245619475879995
-0.03386671553762479
-0.0027136945595409557
-0.04396407385060838
0.028537466667214084
0.032650987428266845
0.23942505182109697
0.057255391844941314
0.02469685633866249
0.21874996441030298
0.0807075119106428
0.08647862726111587
0.0745294525279248
0.022770230656816496
-0.020156104946578643
-0.029664839087193976
-0.05722428809692975
-0.09438350699365101
0.030369229480644272
0.009104589774991288
0.003154968626858666
-0.06144620002834186
-0.009867993660001765
0.0433406995258067
0.03632083977201528
0.04411367656114756
0.03318455409123104
0.03501821039757343
-0.14554360884605247
0.1582274114367835
0.0035590687000871986
-0.03497065068606107
-0.016555641436335873
-0.050914696756884883
0.030786498438012726
-0.08160679489055671
-0.018634713406760085
0.05065466192393393
-0.03153217192001839
0.08884428003249577
-0.04325908375106893
0.1378344106138116
-0.06537296773442129
-0.05367558201538787
0.06256700557378764
0.001957010660392499
-0.08450376567389305
-0.006382909144451759
-0.014622998789941964
0.1315238310669424
-0.013477242122197586
-0.1049984213847183
-0.053261834465328776
0.06724954209579952
-0.12414854215838605
0.04408521836029342
-0.10354880035032615
-0.10369497023649919
0.0155474559315779
0.10768016896345176
-0.09654401366313971
-0.044726680108171865
0.049849029769915516
0.0711446480179008
0.019169543120053104
0.09097261775929963
0.0010260315743584672
-0.08136443844068751
0.024596934690553202
0.08069266593389429
0.08458315069260713
-0.009241622579689638
-0.06682514919445287
0.12465809576574861
-0.004928380022271812
0.12513335923679897
-0.02613038610844381
0.03985650603525936
0.027926263563659612
-0.1678247996657475
-0.10096539581953942
-0.017609461682108023
-0.048509200287170595
0.04383472183581902
-0.02455506287679428
0.14903367601756148
-0.04131791954020041
0.04429159918774953
0.07212998928392926
-0.10060696177094716
0.08860311578848411
0.13818018167061724
0.03349785968315785
-0.1922571828032722
0.07104506391711049
-0.03687438212307118
-0.022463114537932136
-0.11647963918625528
-0.05396030300709986
0.08735897104871578
-0.039277645356708024
-0.11771040393266086
-0.11338031517839028
0.07425062942697185
0.0767695761851887
-0.07146213357083546
0.10138478474466901
-0.08579355981626233
0.03050619750297177
0.044344582692420816
0.11363724843813497
-0.07133442541360703
-0.1385865499465278
0.1172282953850466
0.02181415453902343
0.030317879922790014
-0.04611628966069061
0.007357259376256258
-0.11106548698747919
0.03025917158900667
0.17977193882928383
-0.07912316227730758
-0.0031962948627797007
-0.10063354086789433
0.010115933716652604
0.06286076646501178
0.06116113318545503
-0.024132689560378263
-0.0898753044893706
-0.028286457880492586
-0.10733803970197256
0.05119825204444244
0.1383376591773862
0.02292227346830459
-0.07794295133573918
0.061806292144977036
-0.025727485224144135
0.08645192033093585
-0.07112381105309021
-0.08479082458774131
0.001738723347054551
-0.1349312260154794
0.007450679007795814
-0.031182923594677083
0.13064688597257204
0.09021256276695808
-0.043394349510428316
-0.0836157703340432
0.13702216985582158
0.10154733434485552
-0.052710158978228235
-0.0050724948571011065
-0.01892986290973145
0.00461961936842942
0.1434463039355045
0.020987190376640284
-0.07712042023908108
0.012719955268528873
-0.04744058322295998
0.00857786214533295
0.0034832926570682356
-0.0063268873993551356
0.08188496042517898
0.05596452514833374
-0.08138775575006006
0.04236701920713348
-0.10899023904158137
-0.03190438476548078
-0.031242535526719534
-0.025121605931679704
-0.0018472211228438874
-0.0938138042531725
0.1743833862489527
0.1401915603513543
0.06993037907587553
-0.02058482504338639
0.03515553018766319
0.11912709136658026
0.027788637544545892
-0.07456673247215041
0.0562651075583593
0.11499465927316321
0.07005683245259478
-0.11299757030943974
0.11308528587902127
-0.006048836219040423
-0.0952858587488089
0.0802490885128173
-0.045631891299660325
0.06762618329993388
0.04522281822447751
-0.025922424605087722
0.033878457777463504
0.027629133411058732
0.14400673421510177
-0.06693986945630881
-0.1455099598750659
-0.09059742301073903
0.08005225451189193
0.005717625986867625
-0.08523416380085509
-0.04186038671229406
-0.12927016298819166
-0.21840778292534233
0.08843060630988948
0.07300401527546091
-0.02312003636881775
-0.07517953774352411
-0.023241935473212134
0.08573737158277321
-0.06375431009432384
-0.06018810267724623
-0.03868075866256658
-0.072761941770229
0.043694051189101496
-0.03660853796000993
-0.05136396589650429
0.09535669731546971
0.19565902636866309
0.04098270256071107
0.05796070963382456
0.04639713375852441
0.0027647428856470645
-0.018703259238269522
-0.10367233858405021
0.07398491723204897
-0.05808019826696342
-0.026306184087383826
-0.1165318043561208
-0.06901674841754643
0.05000607637724018
0.028026966797088965
-0.00885101916194162
0.06311307379824753
-0.11713978915559901
0.017620180055087437
0.05843369907465227
-0.10136094340794195
0.033868405207422424
0.11690062167679964
-0.03598794306225943
-0.007683930027003715
0.09879098820617838
0.029099322615542593
0.018336292368011396
-0.06008302083382708
-0.02699441495634677
-0.19740593752711877
0.061707908164616285
-0.07001585117569717
0.006548384060744303
0.030659410917225977
-0.0006588987648076305
0.10031085439844367
0.00920650652758807
0.0070243063482873
-0.023955694280275754
0.11413911747791795
-0.09878192624024762
-0.06296339782785967
0.0033882558653165716
-0.02474366443908418
-0.06460482166659451
0.1586401028067161
0.0930215974987145
0.14978235962915107
0.060133517637001845
0.08334028259602133
0.11538202706875027
-0.10605433680497836
0.07273322422410643
-0.03658313130408989
-0.019921641103213636
-0.005691691200959112
0.15953628926169142
-0.035853894972068215
-0.04818956849033479
-0.036050173109665594
0.132624920554364
0.1668207198374958
-0.0023695852216632177
-0.0713042875610833
0.15783335454762
-0.12419789606299086
-0.030109928385378168
0.048901198553025854
0.005669635445102036
0.033351504046364604
-0.0032867480834667655
0.03858393609836196
0.07452619165899747
0.024319149906844216
0.025802148874310524
-0.013527363887454062
0.09575884739070846
-0.15663195930566273
0.14595269117820395
0.10560617442152617
-0.024090328851320626
0.02201544270676297
0.00845633730760113
-0.035513588420938894
-0.01012526637959468
-0.03246943097120179
-0.05391181716818941
0.0015205243778912108
0.0825788085667953
0.09394248805416579
-0.05969776117139636
-0.03428343609735767
0.00832720294340811
-0.011833252129617182
0.11480792225172681
0.1308173011191128
-0.003621887329086092
-0.006491903433841681
0.09538534307049033
-0.017792648432413894
0.011243129709378545
-0.03250209472994913
0.03572477759736232
0.023311468364108467
-0.1526581564081646
-0.032733684522186994
-0.013164684558055445
0.04133352558694701
-0.1230806121136492
0.011963206718463432
0.015490543884267826
-0.10831985342150527
0.08937152920104031
-0.017192428962402084
-0.09276751679721526
-0.005881154845037539
-0.02339451090617138
0.08135559549315302
-0.046656755538726426
-0.036282950169469676
0.007833646074916
-0.03164840321872606
0.08187575795404492
-0.04638072946445112
-0.03919139872423075
-0.03562707316802121
0.05066887514957158
-0.013619273396166219
-0.04804693644881874
-0.020778773100106382
0.010143156021314938
0.03589802267323204
-0.0848846033571612
0.12348405426174645
0.06229590305113869
0.01711765282071443
0.03915085570841259
-0.016988241015687588
0.11225377013494349
0.04422097438678152
-0.10763104691256078
0.04791302488507212
-0.06248577887735442
0.05266829229714205
-0.0015107001433733204
0.073497055033673
0.03512924422799324
0.0613377549931093
0.004511041088032715
-0.09365628297567107
-0.011980809325506783
0.029241828682754878
0.04884640418035163
0.05824393251349165
-0.14498681366610172
0.012273845404533785
0.07213648371274509
-0.02601200872217315
-0.1304746630048359
-0.023205190978851865
-0.005841798561857311
0.08642132530280058
0.08111278193476165
-0.03524127515805911
-0.06532539406866746
-0.06805706477483661
0.11729427576813135
-0.022203906106851516
0.009813701783945196
-0.01235625816037194
0.18179631556955486
0.14064759944767488
-0.03223609104381245
-0.05955850390628217
-0.19050460083414136
0.06687695534524946
0.05740065750730628
-0.03722881750216137
-0.05230811833539008
0.08152032253453674
0.128225760401501
-0.11224949844848223
0.05580701196671272
0.09446673490970174
0.029899797436720096
0.014080427173781749
-0.12147360024808836
0.06657175291863932
-0.059362965910944185
0.04844399746381346
0.0008071414936907766
0.15256312698965374
-0.10675247033853166
0.02743222567141384
0.14730557633506955
0.0688940095498567
-0.02638235354034163
-0.0627538171699462
0.014281889920162395
-0.01685788234437375
0.029777741117731134
-0.07676910334241813
0.09041514264461904
-0.012968311894350831
0.019793527440405148
0.030823389398748884
-0.03660481561547049
-0.09264681722249571
0.06839236793323458
-0.16299774591882218
0.1040449118882358
-0.007541520764588466
0.021517683873647116
-0.06577939105877761
-0.0868981269440164
-0.05994124792759909
0.13408279945661514
-0.02063344211163727
0.024890117407166443
0.0154466212231961
0.06729297424422423
0.07989548086060136
0.05625342570701727
0.07228862727494181
0.06693998147061275
0.037906226570937576
0.02259255272998227
-0.03575535150868343
0.003109196256258674
0.09055935856190718
0.05284031197566719
0.08251667866708541
-0.01096416094084566
0.10690526004568587
-0.16784475175166175
0.03904032114705061
-0.06430181854960847
-0.022251532522129327
-0.09463354588165741
-0.0565007103094077
0.07258901320889183
0.002736066188340096
0.13947106306487583
0.04238864659158023
-0.022295508474425477
0.11839445503467838
0.04772065423304987
0.061419869020258505
0.014760065431400122
-0.1324441868064397
0.05797280493437596
-0.01890246463206053
0.1639363348274111
0.039065567491018964
0.017997557268936593
-0.0619658082776665
0.1978245809018536
-0.029288030445135393
0.05312493460861286
-0.031077659137246735
-0.0766507958837949
-0.09387041156479518
-0.0012045969166515971
-0.014583888131632455
0.06972708237385772
-0.018343732765541028
-0.10997182034926428
-0.13420116319644698
-0.06884608439112691
0.08169566485721381
0.11731352737363529
-0.00318419749841666
-0.04782565065997412
0.0031694522726115615
0.07936770877663331
0.061695193036511546
0.020437657016924512
-0.024087190309917416
-0.024554387409125165
0.11611614907121912
0.09663549168616173
-0.07764144081802908
-0.04242128725011246
0.0694791398863082
-0.12274455615997554
-0.10585755872373387
0.09511069249661817
0.09661371061724937
0.0024656886936277006
-0.035779990977926966
-0.03678616175479042
-0.05470879712375625
-0.13481075452108018
-0.04917707972770544
-0.03908920951606848
0.1613125834894049
0.015026026829892779
0.01577966612417513
0.08224086823842983
0.048638822321707464
-0.1032188712799455
-0.037502493092222665
0.056117517240826816
0.008012902685048765
-0.12612723741863507
0.18722358610501416
-0.11731522487569994
-0.045806162930221495
0.25917655661348027
0.04094518492116577
-0.10352131168974853
0.023372646701304216
0.03362673830195033
0.029799771997582453
0.02064461150834775
0.11578938915817022
-0.019628070049135974
-0.1258988764041287
-0.0006527151193003915
0.1787959890638773
0.008380447087305757
0.1274615635771803
-0.010947124614523502
-0.007567173210250935
0.03989614147629481
-0.09328410615614789
0.17141752059138984
-0.04652238441684992
0.022884693352139964
-0.1047020882225114
-0.04719060100331971
0.12838488043339
-0.062070886922921543
-0.01791965835956221
-0.11608635578941996
-0.05998984058718386
0.05481411990421288
-0.09387228917791773
-0.10311659065044833
0.04858201458253493
-0.02802178914320703
-0.07009268386053638
0.06252306557090674
0.08982980506350766
-0.013296363860678659
-0.0037023763226210118
0.023037467978081233
0.010258836319218197
-0.04352516541576861
0.07736653062899265
0.013884869976667585
0.1336801675669399
-0.11691643316644255
0.12255284109543782
0.06072968186808805
0.034890047083483366
-0.033237790612457706
0.012165033966689203
0.020185921080445066
0.11639709832968194
0.09661566328783089
0.044807254301333796
-0.041630013105127046
-0.014059681853377642
0.003055576841580141
0.01599168589958519
-0.017314796281433228
0.08968650628191614
-0.08864721712117338
0.06571869707158456
-0.09902378288163313
-0.119925673666331
-0.019210534310488674
0.0649621266551274
0.014052882788291837
-0.09298708681615121
0.05953023222039251
-0.03809568189454252
0.0077392209896162455
-0.007600484070186173
-0.010189394590316906
0.050018530012144014
-0.006541646423174706
-0.17190989195500375
0.0311038108835492
0.06020890171274287
0.020364944996828536
0.0006102064238214096
0.11021348982853983
0.060605269944927945
-0.045365246643773144
0.11934254963613898
-0.10441267010345008
0.1600289627901743
-0.030706065581588417
0.022808245384013312
-0.06799634708167938
-0.015009430504319911
-0.03977253611941877
0.19647266364808022
0.07088547323608946
-0.034359067802666066
0.05190267115745556
-0.08891092637868937
-0.03444792129859531
0.03283125628340406
0.04489433192399574
0.07541624804207389
0.009235693210950583
0.1354134429726317
0.007923888177025301
0.043970275773512
0.03336864707082024
-0.11532008384725179
-0.012926899653075613
0.048919448509481066
0.005763340729875321
0.0327082811901579
-0.11504367280569454
-0.1391278656005947
0.050707337258758554
0.0607482493665339
0.015510526328046685
0.004621662958419009
0.051416409772755654
-0.09617250943147956
-0.13528249117321328
0.1086471433852703
-0.029772055132594545
-0.11074582192542293
-0.0242191006777305
0.0029005902521915313
-0.02318162069466049
0.03485475486729671
0.017264067097096214
0.022469528048759242
-0.01627714055849901
0.08748637889990407
-0.1423269851391396
-0.04537443817625414
0.05246800867202594
-0.032354292363598915
-0.007103913881548823
0.03970856754152406
-0.08050514800701454
0.05058041327536957
-0.23114066997125907
0.04844288314944554
0.04655443761896613
0.011760997503487696
0.04256967187534673
0.043369716070664414
0.06453509094228166
0.021478535564994718
0.04639401398238356
-0.10010730238229999
-0.07784799543426657
0.009952391523450819
0.018036193666254734
-0.15580076282156938
0.03575933287875338
-0.00781612473669326
-0.09385824290489968
0.04881947514587477
0.08998296248231204
0.021620015956977167
-0.044363981216965026
-0.05316324908095324
-0.07801685205969741
-0.053068840960340424
-0.11849540853609687
-0.001264723066419721
0.10530244226374953
0.011493685924893712
0.03267669955397311
0.08662650565964347
-0.00992850464014235
0.020718897570733343
0.10320508215009128
0.1120880083640145
-0.10088563359273849
0.07910674530965606
-0.027896644075815977
0.08140348586503932
-0.06639849950777336
0.0032028236787421593
0.05756430407207511
-0.022964501521403575
-0.025100431247377906
-0.09419554449283533
-0.13352649091193555
-0.12843144765109024
0.01948872194252289
0.0749287303831004
0.013864409160168326
-0.1166746648953624
0.05294319427935467
0.003865159035015212
0.010137874205301035
0.19390916958018026
-0.04247875617136399
-0.083086389639584
0.07548149753353095
-0.03979607246316094
0.05387499037015739
0.042783265511260306
-0.042077209182232504
0.13616484682919636
0.0354561178614502
-0.08379530122489637
0.018107857781927646
-0.049311372938322426
-0.04811404182807733
0.11904299457184564
0.026874950817027538
0.09408668127662925
0.14327030564569976
-0.08400612149403291
-0.11404916917666003
-0.19949038173245498
-0.0851662309343895
0.0465847992437423
-0.0349650054510675
0.0021310209564030843
0.05007262739149816
0.07088968697724538
0.056204133865957094
-0.06047225716306741
0.1089842952811278
0.08901118536033222
0.028216802560824313
0.03875337364882904
-0.011636055975808583
-0.07700803504933693
-0.06815073627258834
-0.014010047517419225
0.12425047764535932
0.047473192569464154
0.029598198024932524
0.005641814354364064
0.04567332334902931
0.02658102532988283
-0.10976946964856528
0.0035855620121124573
0.025842223421595933
-0.01777820010223289
-0.052761834776947215
-0.05616452617213574
-0.05494591054184038
0.021777213061637952
0.02506529980281134
0.030018086770739322
-0.0892099547190203
0.018564633920384502
-0.016468788500229356
-0.005827782686544479
0.08562554937045311
0.10276336865094685
-0.05509343278377962
0.0030962867202562125
-0.09245992573976117
0.0034431176616109213
0.018438337710267344
-0.027645333247299432
-0.0003299177723614464
0.0547999933754732
-0.016303484988098783
0.005473459539224916
0.12034935985806489
0.03394822908099517
-0.07941890603006048
0.010852943250893218
0.07714328991551207
-0.06659365984670662
-0.1597804985804353
-0.051182862977509416
0.025564694408097527
0.037994515985228156
-0.027725138968753903
-0.06155036269771628
-0.014457327727845658
0.0834020019029199
-0.06127884276252598
-0.08936831979572504
-0.0903604920000314
0.08536968429086414
0.05383502091545061
0.055303651525933195
0.11336628145110106
-0.03803030996978271
0.10351052305588931
0.06093037476428724
0.0262357085266805
0.10572707169651355
-0.09871568270559351
0.0441853797127797
0.04398609079174466
-0.03919510140174999
0.014051194349999654
0.0844346011422035
0.02518960588286032
0.01932895420976455
-0.015108047886278104
0.1498851090780044
0.04694817841886316
-0.14268423304816408
0.05365006191800178
0.062417517038643296
-0.03259414154815798
0.07190825871592424
0.09888650992862912
-0.13226517089293122
0.043061791211279454
-0.045445133812813225
0.02161295782751664
-0.0969806226435891
0.05965390182364502
0.007120025219097658
-0.10556090127338122
0.15906694073393202
0.06814321637049912
-0.05987592626056723
0.07048552758008214
-0.11312727062889086
-0.06224953810478613
0.1128207660810891
-0.17651736348910005
-0.1542124784591017
-0.015516223770295504
0.09614343729404372
-0.012751271166777614
0.07114729871025888
0.0649576167038173
0.13617887809311988
-0.10086533573387849
-0.06892895099569799
-0.0018881925359268744
-0.0046546203241781894
-0.04634617370476495
0.014105790946978626
0.09255822924234393
0.013017005791400901
0.0610859957799272
0.08533180516398951
-0.05596996377257005
0.09749763553455154
-0.009396045066312935
0.02336722460441085
0.021135262582178817
-0.034285192855878485
-0.026653246751494407
0.029642965137395613
-0.0687042437376757
0.017051273763550746
-0.0977667471444609
-0.004707305135005087
-0.0018207755792082458
0.059725331896933465
0.0754550578452391
0.0017705730274672864
0.020659397664017566
-0.050791753241748235
0.10517053106249202
-0.1218387510980618
0.08392029133189433
0.05634024366998285
-0.06093104244973718
0.14294182802041877
-0.08515012187225401
-0.1533618830266062
0.06506130132842206
0.11957015111805645
-0.03473694755817724
0.07996229541313951
-0.16003512219125496
-0.05885763997970786
0.12378448193961447
-0.03930849128412619
-0.011127313868409176
-0.018888793145036616
0.1715614526600846
-0.10409291277956373
-0.02505426905925038
-0.09801789148078438
0.06547091886827495
-0.06394421395631969
0.053595807230974825
-0.040068568936770126
-0.0596375839712174
-0.06347487990222099
0.02329846904172582
0.1009912952265861
-0.024852781398374425
0.003419581738703984
-0.12559218841945363
0.025335503243986007
0.20911443459941698
-0.06604516348032177
0.026878711269109724
0.03694295600700198
-0.11191999450026512
0.03414728588952465
0.025130021752530783
0.012585404472152286
-0.12367521636837248
-0.041228403007140105
-0.061749155955323785
0.10625121076600977
-0.05382280899244098
0.059694128728728396
-0.011553592486144562
-0.022201884214295677
0.026796395998650524
0.11666444519139532
-0.08412761165819031
-0.14666738661843517
0.020655736617504923
-0.15207161840474687
0.0033202544903302954
-0.006666936354467891
0.029800275577339275
0.00792954819556433
0.0024566120195012326
-0.05414088319788175
0.05680834623218117
-0.12811192829897897
0.08904231345858118
-0.09053866178548775
-0.10404832577990956
-0.0006776329046818425
-0.01915116319401783
0.06870858059679133
0.005935272565202013
0.19683640571288966
-0.04215280902965088
-0.004492028788183165
-0.008557021814983936
-0.07386716147060457
-0.10997727507083596
0.021543458566240355
0.14974338118282995
0.03030172199350604
0.10040524772075876
0.18044997029491747
-0.08898728432808259
-0.01041668777448508
-0.028705754037051504
-0.12252189035575851
-0.03547636281018378
-0.06412433497866812
0.07828132673392284
-0.08175448412910374
-0.013585476374709882
0.16860582677938432
0.13654862214966726
-0.09381912936890789
-0.024313399546725623
-0.000316251393474333
0.18783270770190527
-0.006391233027460707
-0.013704908060049148
0.1145557007301877
0.16221884393997532
0.041580953673224307
0.05804415405480365
0.07837512841722588
0.013026207923325761
-0.02533450429846508
-0.06125435476847914
-0.01177008042047632
0.10072974354560757
0.025915593380008234
0.012636631846498145
0.007818724299039168
0.0458428587912738
0.03519036532373674
-0.08054011156753729
0.06724140584124823
0.012717994591791935
-0.10573104117146208
-0.0355621160577255
-0.12705574172581877
0.16250118299842395
0.050395438520400286
0.010222347333716115
0.0853462056951979
-0.12398147286119347
-0.016862760072737126
0.007060674850760777
-0.011376950904456198
-0.010997030994838806
0.02003839681858105
-0.02266819452081925
0.07246488701514155
0.06512445161804542
0.021880350107439755
0.06722933831841141
-0.05518902407163439
-0.048332209049546965
-0.12984022947237586
0.031153741169608517
0.11574784129498154
0.0667753408878006
0.04804370526597239
0.024093200393450157
0.07750151091775667
-0.050282946597953335
0.07599976110849867
0.026543827340979775
0.1158344366327844
0.17026624832470133
0.0036429178043354167
-0.059592565091687165
-0.01716108244875462
-0.017672861120231823
0.04784988732152354
0.05729879952169568
-0.06371457224663651
-0.012693452081491237
0.044884947397669656
0.029760537925423377
-0.01973585880594147
0.11814383408117007
-0.081104888779835
-0.0349313314141331
-0.05798913656428946
-0.08664475245892189
-0.06624702661531823
-0.02291528643566438
-0.052898647266386475
-0.015569955854842546
-0.07170188111765052
0.06551191328255582
0.04987815535990004
-0.18282421289340905
0.13432725968079312
-0.09331987590531295
0.000876029184909019
0.07955876123208419
0.04310737560571771
0.026540804187250147
-0.059965608680114565
-0.09081233947959447
0.09251283462064086
-0.12709461979868517
-0.005777407257263384
0.005826337674922577
0.014879997839768701
0.07718393283468344
-0.08309299871472015
0.037543119810167974
-0.044038196827005396
0.06406996715086591
0.002838037381923309
0.017833736955041757
0.07977597132830169
-0.09334410030514181
-0.035925010922052
-0.06597269880476651
0.0505425734101831
0.03519212470401963
0.05216185033517849
-0.029070434485690723
0.05445807851655259
-0.008138120967450393
0.12687694195253882
0.022237795662394776
-0.08465600295827153
-0.02597059451139281
0.08763885058712526
-0.009177546486223827
-0.03998185183967511
0.11291214432844182
-0.07954321966974377
-0.002138589164628073
0.010481497354936744
-0.051666069235606224
-0.10048465932032791
0.0006622057414086453
0.09368579824064718
-0.11407157870023812
-0.04241242087505835
0.048305857584375195
0.15183310701148875
-0.008497831019847057
0.0010163430953286472
0.027586995032324917
-0.06091000102572612
0.09203210715066548
0.1150373060124813
0.06797776534928335
0.11077685371472913
-0.08277695778309256
0.05365792362234423
-0.04690600721720963
-0.05905760831605094
0.07977588142720117
0.0226376577915985
-0.012025500408927397
-0.038365900663438805
-0.05937622970038205
0.1375878004649553
-0.05642730484210742
0.03905956236995832
0.03633422195523759
0.04663674032058935
0.019763472994243476
-0.09468098897735928
0.054971895485810496
0.155445485161014
-0.09061539835209134
-0.012603647029893932
-0.17412986462850757
0.01928265222847253
0.07261263520010794
-0.08548848967268763
-0.004454207335797316
-0.046669373908418306
0.11211055900577982
-0.10577943288289096
0.14514826986215598
-0.053789356886067896
-0.16637100284067538
0.024630381488657718
0.04778390119363495
-0.0022438281316663547
0.05830832162917855
-0.05510539148713377
0.03667716966608715
0.04233353323329216
-0.022771121309104733
-0.10560929585495152
0.05687135724808728
-0.035179245701597806
-0.004618748262463097
-0.017985884111797502
-0.041144364516350486
0.02175063782909118
0.12435364763317941
0.07653581962110947
-0.023577189090667708
-0.07321792197416578
0.051722769416224786
0.10247548573424269
-0.17713867553697668
0.0017188030951328197
0.08224089921583658
-0.026469742659480523
-0.09442906983687568
-0.1205839369002884
-0.021171929816570297
-0.09131201651208569
-0.12220410000036139
0.01552055289404834
0.08066923002485159
-0.13084603535616138
0.1634260462266245
-0.09669526788093431
-0.05630854330328998
-0.08506773801449505
-0.06674461080233512
0.0222830410785171
-0.011360144582216002
-0.07270776053546046
0.021128475897518317
-0.09044224306293171
-0.07439366745458001
0.028593836772359466
-0.090229186122891
-0.070043175597422
-0.12292710644883047
0.1192583888710071
0.057272806790734605
0.14071630051943287
0.09996982489845538
0.02114688734676278
-0.021765118323646505
0.045287835322404144
0.0391996579371616
-0.04812893070791146
0.08731710850753124
0.08158235791179386
-0.04150104066269852
-0.05936182921388534
0.011202745645266483
-0.09989157804141884
0.03893025373552704
-0.003489036017295206
0.04518066654972092
-0.09967964271457917
0.013844170342956121
-0.04969798465716748
-0.019322770749034723
-0.019178882836358838
0.13189728766874279
0.02637258320361201
-0.06917142790609322
0.018139766137219546
0.04743177603121605
0.0021814517723009325
-0.10433389032588888
-0.004854100749465167
0.1415641919878071
0.10495036537418088
-0.05282433718456376
0.1264271543362986
0.014940121806753477
0.007223168341121772
-0.034851220974045055
-0.1595395855794921
-0.027457763992227262
-0.00026651582376161637
0.08933179430726246
0.006532266628434799
-0.12815756539177517
-0.0372343878039349
-0.06488426293854747
-0.1250294345693429
0.08107821104568434
-0.04801301780633192
0.12721473819030196
-0.14547373181791723
0.010266721089295975
0.0770834217334748
-0.11638852667857034
-0.016039746976178174
-0.09661479679418668
0.1419565321942434
-0.020896746629534883
-0.032482744964200776
-0.09169404687554948
-0.028741565436497838
0.0612177837650841
0.04309250109022868
-0.0019411379657156402
0.1601085644500683
-0.0924755063175668
0.007219733896217788
-0.09466533339153538
-0.10658918252933518
-0.03564950148988951
-0.06344082432964687
0.10133203226231072
0.145792906100968
0.2080994590961437
0.15154148584931088
-0.03370020005750053
0.011410919739840998
-0.036126924562864725
-0.08012431990462988
0.06867275068580986
0.08688022960940295
-0.046855076813568305
0.10244352852870744
-0.004600389627265861
0.15709561527469953
0.18485872480763801
-0.14852416488190148
-0.03196181115746781
0.010511310529305429
0.13597516194139445
0.012397174913249908
-0.03857604100649271
-0.11092199287085444
0.0010247224575015527
-0.023724965148378463
-0.009782357035620257
0.006132715110436332
-0.05424782890546473
0.13488923272726533
0.007432024456656472
-0.07801386403745451
-0.07675704338125407
-0.0644672202196883
-0.03869156576220415
0.056563979003412396
0.11188428750583272
0.13838907585115387
-0.10427330758763413
0.07791035245432398
-0.010988102769281341
-0.17310623016755322
-0.007673661300869647
-0.04014688507298787
0.006673594116584226
0.18034391819742512
0.08860593132004743
-0.15505146919482854
-0.08286681236778713
0.07569418209785142
0.0365667104018924
-0.036506091542076534
0.18381227471790879
0.02407807577041342
0.010786418271609128
0.017755505327427777
0.15036283077391865
0.03797386439279135
-0.015088657335023199
-0.02561968024304523
-0.02688909060095254
0.0037168255402463043
0.18001554261779468
-0.005753558102437732
0.06971227184278996
-0.06838974664681184
0.08399440026278346
0.01721542577998049
0.0675771553531115
-0.01639264309343089
-0.030359127987966437
-0.07136865150831553
-0.09407969530058238
0.1519622540846596
-0.050712270289550485
-0.019634963832237475
-0.055614788145536234
-0.09178337340858814
0.03260124624374299
0.18995717766810005
-0.04073996482196894
-0.09907825158194365
-0.03987896127834004
0.02712810369570216
0.0001970289679911353
-0.06940732361791929
-0.1221971935923377
-0.014186311095665474
-0.1555734427420993
-0.020853190903694942
0.01762418690829176
0.023534406650762146
-0.07400423719074348
-0.06277321152345283
-0.12395458025822907
0.19735113930416148
-0.005290998965068247
-0.07782363418128296
-0.10958740372178645
0.04161625264048152
-0.013578717278876828
0.09847038526899522
0.06390224957142296
-0.008260081107365463
0.0037129689439230704
-0.04065477765559741
0.14238449802485045
-0.257360952440206
0.06218590584828647
0.006775420485626791
-0.06268744006144443
-0.0065694620556906325
0.0012379061128409974
-0.048864310612039774
0.04512194020674564
-0.07493152436562307
0.10857539279408504
-0.056478741515213454
-0.03876946847268918
-0.03496009972526044
0.05537939320702253
0.08852553833314383
0.12222129316044802
-0.0004614778203195051
0.06343700755445143
0.054543894475949505
0.02149076346624742
0.27991749389414
0.00220795334489757
-0.06464383240852185
0.11707341194105343
0.013236742594878236
-0.06649236235651453
0.04160896876529457
-0.16921577591954728
0.03119450459881122
-0.10116608864161135
0.004786851092490844
0.01828284869870319
-0.020220045155117057
-0.1331999507485057
-0.018035900778590307
0.027954135754219803
0.16897660542481013
-0.07907486716189246
0.030257797700853184
-0.028400000778424882
-0.05473106826211065
0.10936707791678268
0.051148255433841903
0.09129693460614771
-0.10620676842345217
0.10597890796089314
0.14436445621724692
0.032180324824290216
0.03151326002386849
-0.0661950164806131
0.04875394698912157
-0.11210491814134356
-0.021327927899297786
0.13370261524733523
-0.0012857639023885724
0.049118034227255074
0.11804984087548336
0.058892547068400705
0.0511080748139187
0.009899659998104828
-0.0544266704226707
-0.09881419251199144
-0.04557964499503368
-0.04678206559629541
-0.12315468053389786
-0.007119387562402702
-0.010596724564444151
-0.017264761682238033
0.11234701272112434
0.027077071164805788
-0.08642552396457918
0.06555990050605795
0.053756411589992024
-0.07573189649100996
-0.05368903253424806
0.05068332891093492
0.06772676635986793
-0.0846204753418842
-0.06658695796072923
-0.019011911854273752
0.08671606754234115
0.0487943029078281
0.104431669883444
0.08545202667250429
-0.03476800351432165
-0.06436378520556656
0.1758333390586967
0.15598845056725208
-0.10335968270753743
-0.025034329320107428
0.12328386654963709
0.14001232555935525
0.13301374887025658
-0.059874919116448336
0.06965140296650371
-0.10041848796392422
-0.04173556904567751
0.05191625747305649
-0.0026378322531357013
0.16378659383956845
-0.032314921078982164
0.04002508180704773
-0.06504261477374267
0.09239203851880035
0.06431799587677688
0.024484116069305478
0.029035215911325424
0.08667791266509944
-0.024070924105309817
0.16757916125186248
0.049803555573365355
-0.025322278995111733
0.008301436800656706
-0.020051615952214108
-0.03996043483355456
-0.005466538665040571
0.13386902450680482
0.0717518533641433
0.16644899033899838
-0.1454994500671577
-0.052902474051221435
-0.0622501525831283
0.08231630939431626
0.04543112968647925
0.007930375418289668
0.05391409097868241
-0.005385598330376685
0.023626771671264875
0.028748763502139847
-0.015405296051163517
-0.055274604690423515
-0.029394485142898663
-0.011625380716674358
-0.16186690740571802
0.0031469263821790284
0.07253687316201238
0.02444615131232892
-0.19990615266960543
-0.08173809783324416
-0.0835424753466648
0.05662684802864797
-0.15720467013200426
0.20770062247089927
0.09193650628015908
0.12286818187111102
-0.05612005592145136
0.04005715716535485
0.08522007371244125
0.059811456953203876
-0.13478133848384294
0.12078798338069732
0.1866003136691479
0.026887702423962767
-0.02028286826248884
-0.002263876309795387
0.030887010062395227
0.05702622019330849
0.04679008556564038
0.05976243193501608
-0.0007247378603499107
-0.0524143869773417
-0.04120892928463499
-0.08977520979825124
-0.06892374719784645
0.058143745489354345
0.04004458525848046
-0.09954460556186602
0.1135920671631282
-0.014536772335196076
-0.06691967026565124
0.15720909146165718
-0.06307514650364705
-0.14498156641917403
0.01541165143887863
-0.07803589546827278
0.1822024168290729
-0.05778648069803755
-0.04512431307135176
0.07059621660265962
0.025796199738017042
-0.1023123816843414
0.08449361558096898
0.014049376656820564
0.12582137470748053
-0.07062293090600474
-0.054026595132613875
0.061952623272431645
0.04224784507724402
-0.030783213168837545
-0.004245472804712894
0.015794959840065553
-0.052050418450091826
0.047670201009452656
-0.08454468626603706
-0.020046534566190224
0.04299094361096734
-0.07710648779230998
0.047407029897352126
-0.047880972918991876
0.009023059464830657
-0.053141977093201564
0.01142470920942613
0.07360553941314119
-0.013109732149858661
-0.06756021828495211
0.07939433475928931
-0.017587770428114848
-0.09101438375417581
-0.034663180726023264
0.0344856056948098
0.060117675801519666
-0.09532633646535063
-0.007061130930279476
-0.062470521882772655
0.05250706107274959
-0.027906571481617043
0.032707860812297825
0.10362018177108201
-0.12219270706356927
-0.08612563082190801
0.0266125777199585
0.08522964261715754
0.012706407317037455
-0.036332631961431036
-0.02780897670854208
0.026804586587193882
-0.1247674798493158
0.00475545307883871
-0.11880078791509993
0.03962260575500626
0.15743628261682333
0.009315112027119364
0.06981146502929679
0.09389407471833013
-0.023073205500268926
-0.04947802653814614
-0.03155834252642503
-0.06318871025379022
-0.02663592950866489
0.021680427491017316
-0.13095051749253556
-0.0017999796381997207
0.015435739578570985
0.030352697169717873
-0.010700262665487657
0.01880710347506793
0.06642137078902262
-0.13656909105162876
0.01956258750663767
0.09841051189896655
-0.005446004348764971
-0.043909295558117005
0.1655760461811166
-0.003090192905753667
-0.1246808110307206
-0.1227779396761916
-0.06061826882494343
-0.15768568351438583
0.06819359942434122
-0.05416823752929906
-0.007227375395216491
0.07848835333785827
-0.022126023410412313
-0.1295807892086807
-0.1455282284664231
-0.09534515774341216
-0.19322705280767574
0.09278123705812027
0.013092378583001706
0.09238141153085248
0.024953166256857322
-0.13804572282842179
0.22625760390148167
0.027267220361834023
0.024273133757553196
0.09313602300655509
0.08154461955808569
0.2599943176023032
-0.002354903438320545
0.04062879491904127
-0.0025802237466024825
-0.053905494171297745
-0.03638904779489018
-0.10209761396415029
0.12845889714988812
0.047265149948164595
0.0785779842306165
-0.021290083654985477
0.11086937758006843
-0.03728865204624934
-0.041411049488474835
0.025248293340301715
0.08177838739276685
0.09495363633808582
-0.1147216542154876
0.044222456663725415
0.12229114810118616
0.004211098022761797
-0.026376113358425688
0.06330628553275104
0.08119107920158232
-0.06693385113511172
-0.03950855094387647
0.04505770668084418
-0.06942064274208992
0.045487745429040785
0.0915159387384733
0.0009795486480757738
0.09088790310742884
0.05213992623273719
-0.055949915861518235
0.038415271947237366
0.09845867020036912
0.02986211090703668
0.026644641000453478
-0.04721480916411633
0.033035058940676314
0.03484560869303195
0.1285425360892102
-0.04915500285068884
0.04382305344429968
0.049507669848586705
-0.027467105683011195
0.019097803255020793
-0.22929628858027346
0.034447095396398446
-0.15229054042688175
-0.084600830351364
-0.08536372165739592
-0.024526573439780305
0.03887754205709849
-0.101703006388803
-0.16631904699986289
-0.051911238276241015
0.07249424396936384
-0.007946099416422329
-0.06634505634588965
-0.009314183157161446
0.015775384302724918
-0.0059692757617918245
-0.033020113214194416
0.07005315584220288
0.1323856610862312
-0.0360998493428557
0.03697748951966835
-0.06378221751809375
0.018006208082388807
0.054000382671082627
0.009360602225983504
0.06976072729103877
0.026296333033726464
-0.19329081952949137
0.04137670987396807
-0.03613627690567576
-0.12310832558428247
0.007587691984346076
-0.1253424833917635
0.008296274518145382
0.02697459603495305
0.010395351963111496
-0.009318495433494505
-0.01190251539355504
0.050140447661222415
0.10535636622307117
-0.027745684040243957
-0.0005147550083224924
-0.001549527560564673
-0.030201910076705096
-0.02931688699077838
-0.020199793938002197
-0.024447973600440133
0.039321939437523594
-0.06158892705692877
0.024593289227235922
-0.04668994722203836
-0.06325250188879164
-0.05905045350320841
0.12826009918987374
0.04909470300403854
0.0543358122171028
-0.034994261057044014
0.06010145008698668
0.024510909213564906
-0.08991006956973159
-0.08093823832694994
0.08251885064934042
0.12598726568089574
0.1171832971984017
-0.05395337373122572
-0.06016336960564634
0.018083391647648023
0.07447269729077455
-0.17330032722805822
0.04322349056359867
-0.006458562120067193
0.01963865511097397
-0.15709477695939458
-0.0900227501601032
-0.029742683301074505
0.07626363475001302
-0.028230760032644398
-0.09453966026280046
0.1455929797444416
-0.07361875364852702
-0.10694407871887336
0.08190504133534188
0.037007802192283897
0.022577045718513603
-0.08411505987154287
-0.0956665172198512
0.10794766930238504
0.04054219453652343
0.04924870492773617
0.0034192397600368105
-0.027499658414025303
0.006963038103887542
0.10028069357934098
0.0192649188498777
-0.07585815428261511
-0.09684139176963966
0.012785920707379514
0.12721575884432673
0.03978517234101295
-0.014713452765849785
0.007100887676009932
-0.0035952351628598667
0.07039781762340762
0.06684473044606364
-0.0693751043904572
-0.040635880860416626
-0.10129321684239259
-0.00867945006743602
0.15569341286606544
-0.11373054664829793
0.1376594206404855
0.029233544406997124
0.0013024804916692747
-0.016702409422710757
-0.028338673630406527
0.08136918409122129
-0.020772115824477404
0.0942848037095261
0.0878651665529765
-0.045201043742596286
0.063968089902348
-0.026064202468485127
-0.026072696691864718
-0.051715308029499425
-0.08956652219072218
0.1310987811525761
0.1334141771656879
0.13095976080321972
-0.026244641105526607
0.05677353568946346
-0.019806779079479017
0.030490980017882623
0.04307503772257154
-0.0991990273010121
0.043614475832698
0.03298755434901567
0.02328109215686617
-0.047623657754006496
-0.011238323263919867
-0.024340837556037498
-0.021665648348090656
-0.04001834690766171
-0.02340021991089021
-0.038918286341244224
-0.0029915953424499778
-0.03459585554861919
0.04039652788095217
-0.12455043358198618
0.044087989701301865
0.004099734492129713
0.002259947792510278
0.07267094819950957
0.08282890359143467
0.006624482982999125
-0.008931761253559555
-0.035766422803023126
-0.04784431676859393
-0.08194421453042283
-0.05236460946302606
-0.02017466512364088
-0.08664785445236162
0.010216401510689069
0.04785458993989563
0.005231056713830783
0.0005105839132891199
0.018662624976399256
0.009356051768444031
0.022718572544954903
-0.08681884553623354
0.010946964226114117
-0.04605507809647804
-0.10015219162356698
-0.006099761888063184
0.09029356117392055
-0.07617856405739722
-0.017012518306134487
0.07863035660644867
0.11105945638433233
0.04659194545010206
-0.09780641102154984
0.008344023205163625
-0.05693848026814614
0.025658948901902484
0.00159988449958752
-0.052708826648272325
-0.09089812847864699
-0.08784593076677058
0.03250305461429724
0.0687773134239999
-0.05458153163179163
-0.10213444639615353
0.0011000107373552656
0.03886671013761097
-0.0009163831916707832
-0.03363395569135104
0.014127061940269648
-0.08697942400485431
0.016079492947710335
0.008026355443487945
-0.00593042216924512
0.11094042433204626
0.043212251452477195
0.026344708870272834
0.1171422091042236
0.049962187253421955
0.05844467383368376
0.04525698394475752
-0.01609133771678504
0.015994053015615323
-0.02685667876941018
0.03218412251449982
0.09067109908136527
0.06748779404801418
-0.06253271783810582
-0.012017457693633509
0.011773080451667146
0.010172087702528773
-0.06038018955117218
-0.006430257860616181
-0.009467287850963723
-0.1540721643386207
-0.05575254894950103
-0.07591315496514951
-0.008763819975250588
-0.10236103398838964
0.03660593032642462
0.16111966483047896
-0.0019356420823586403
0.09295577378676279
-0.026792704123820902
-0.039468478473911134
0.07458509079881048
-0.02447007550704322
0.012196576333035669
0.06824190909349445
0.12261465479811356
0.0005463478606565313
-0.04717769089782549
-0.04756428371367155
-0.1014273005545653
-0.0019900399274031064
0.026585699020972645
-0.005048519535429344
0.05237809493089052
0.03478945505725901
-0.038449891486561555
-0.12639321804256787
0.1830285257418672
-0.046940897063716666
-0.09218374625021016
0.0328985996418648
0.0009195962576953737
0.06572408490686332
0.029080781704921236
-0.14683379534483815
-0.06243915513190741
-0.12433782075968801
-0.011663004566891982
0.055558990650388614
-0.10490576658641429
0.015146128151791274
0.0237565133065587
0.00881465158199458
0.015978926977308853
-0.12133481209284157
-0.0930183748879705
-0.10947559849668134
-0.03061584048468221
0.04849124932197493
-0.061316086057743246
0.09258337778370845
0.06046839532501252
0.07240458537927649
-0.08849188889444712
0.13642019991313709
-0.06113682726883887
-0.04171113869559615
-0.0687433199062358
0.01054761025363476
-0.10460265142283871
0.030328765175325897
0.08993845372221927
0.07960184910722164
-0.07287548840778617
0.00946531984524708
0.06314329529886817
0.07537392528346
-0.07978002161152994
-0.05106350685346938
0.04382661375585858
0.05064751678430232
0.0966025106162049
-0.14946744851056304
-0.04234608973819265
0.030489988673567642
0.08508242343278782
0.0020174578193167033
-0.0003834079437926713
0.04512892631792292
-0.140335249629023
-0.03313465446081225
-0.05509650196924747
-0.000871774977127919
0.038132920252998824
-0.012193138290393783
0.06788962864383626
0.08389945219614825
0.1316747788015809
-0.0694852165898738
-0.008853843425909926
0.06602371780704362
0.07098941211536093
0.03816173430275187
-0.05070906341409391
0.059593133061920205
-0.06412288439228651
0.011959741588329532
0.0032385069907344757
0.05582428942540694
-0.0031357631857469002
-0.017905040862005193
-0.12400932208220601
0.04704223524368937
-0.02988104270270151
-0.05531435996004428
-0.02693832891871678
-0.07814195737270234
-0.026187344180623087
0.06504305163069025
-0.18630548992729148
-0.15445181655303677
-0.014406429219618006
-0.06433827167390288
0.04520992423114112
-0.018974176647540728
0.04983223869541474
0.020331199600185278
-0.028480858987054134
0.1017671897813219
-0.08836571273488118
-0.052843129358254574
0.13966832254339623
-0.09533765947938644
0.031189239903278668
0.10902659206706541
0.0006623580314154554
-0.04704258846277671
0.10830105772781295
0.00767030082551186
-0.09839867569273678
0.019270749270194537
-0.06140071647754242
-0.07268931676477583
0.012154953752040126
0.1423270820412656
0.020204395162841504
-0.09439486228071826
0.09270411358084098
0.18902944021104065
0.033072323615546205
-0.13320064074573676
0.02721494544227528
-0.0026006305925135136
-0.04680831908664074
-0.06215340570835627
0.05692971160524131
0.015363301384791746
-0.005080972772571236
0.018775997205921095
0.0314198582907476
-0.004004374571350127
-0.015483114579234441
-0.1315743124524438
-0.03909001975975544
-0.02575736794848435
-0.030002074962770985
0.02253667089450633
0.04051422090061249
0.08624958995433392
-0.006140748471814381
-0.011894269859183732
-0.0947177515230265
-0.029761942464941044
-0.2178258251478081
-0.13008511493039393
-0.01149459634122452
0.0055182541698319335
0.023746611632854298
-0.07384926301355263
-0.11442089772240172
0.02523933647782775
0.04211292406919377
-0.1348805399021118
-0.09410161617358581
-0.11572827431029561
-0.05483079150217556
-0.0005919715458919776
-0.09429052956392854
-0.06365656152151235
0.034441703066487216
0.026595575927292673
0.03567749134401909
-0.01795394374621361
0.035989137643215006
0.035551348922442425
0.0757576128100712
-0.12249038682891503
0.08482551194219835
0.00427407572685501
-0.017792753270379418
-0.09120622419277358
-0.026239896839726478
-0.017989950204701826
0.18530668137930764
-0.08663856127886486
-0.09496314563969505
0.04825399681582461
-0.07217604480658785
-0.07956414471157884
0.1308502676101886
-0.023004781988583113
-0.05969093973086931
0.02314313208658645
0.06341170506870547
0.007700885444035289
0.07946389156543009
0.05007785644480663
0.06590344723149716
0.0009288861340555517
-0.09858890076589556
0.12814525688155604
0.0056666488746202675
-0.1437743687639217
0.0758641094801199
0.07519345048251934
-0.05348661518827637
-0.045427471949997
0.0915594249471979
-0.0390288684921822
0.11980951185462929
0.09087719400205459
0.04775391376581976
0.14202515272665184
-0.01838938664474174
-0.10211006740537802
0.01013536979777754
-0.007293768373508104
-0.20084634398482584
-0.04690480642301477
-0.0026929305583484452
-0.02722507274583297
0.029591370263140508
0.15359193821653186
-0.07429693322121303
-0.00978339888513753
-0.04167042230994865
0.012029594950193071
-0.009993720537158805
-0.054856060933624384
-0.10044968538986297
0.10252629578803463
-0.02030079646707393
-0.08803511529890927
0.12083691657590034
0.11478518257351562
0.1077424092420951
0.04126689821891709
-0.0522604732794178
-0.02061776465227723
0.14116027701826947
0.04541852100544507
-0.05027839516858956
0.09085624470926101
0.07535144855882356
0.0415074538519419
0.04896054870747655
0.05434089514495102
-0.017380027748515277
0.08239039197297869
-0.03842076083327107
0.03953131343738976
-0.04880050624626068
-0.1528260396801314
0.015006119587275145
-0.06285687936647226
-0.07684703677582064
-0.07120187411398998
-0.007804570809255434
-0.051046639032316155
-0.07421166048971714
0.017363133912727743
-0.021932912122139873
-0.11819832692190373
0.1096535426776836
0.1349197255224214
0.03869939374218069
-0.15631747152812758
0.12449799588313563
0.07978727878610196
0.10809307634360922
0.035963477308024405
-0.01453743189018183
-0.08047177904622335
0.03175467103972077
-0.030279143416691807
-0.02552571373782721
-0.2153875456648238
0.04809548495187663
-0.02941039700270323
-0.09356085194704183
-0.006601668835742469
0.09018124266264436
0.1790252258418941
0.09358186371648167
-0.21412877100356525
-0.03195069123025759
-0.08862193971258264
0.11011224541469157
0.03869478806217333
-0.07235636960307122
0.05374542311091638
-0.014316649747685517
0.07168096878263865
0.06808902127833144
-0.1043359916976848
-0.07591794564339485
-0.01366618921574593
0.07607611598089356
0.05419033728087674
0.007675245473992511
-0.09731239765011895
0.14732041350220457
0.017493929228936007
-0.08944949200546937
0.025004058023454033
-0.02834063938251371
-0.07167312059771175
0.03373569318089832
-0.016424009292496565
-0.09537320506500979
-0.05424845876982718
-0.04685065420237655
0.14528960093316842
-0.08857822849597297
-0.05274646907478556
-0.11179541874355607
-0.1191088377034091
0.2176444538930763
0.05656204070655662
-0.11281734912289157
-0.1132768736331066
-0.016085986081161126
-0.07501835189017468
-0.10078858209913333
-0.13735031862433467
-0.10156256270904984
0.18002217775746404
0.06440072457767648
-0.02748070537200219
-0.0396488192349321
-0.011533070814119497
0.06582604032589227
0.20768582319773346
-0.19347988467541483
0.044441166247517136
-0.07727050143756785
0.0366549378382379
0.06992938872411116
0.05891853906211362
0.019872385951727196
0.055984181656891806
0.18930561519879086
0.0026448117535547086
-0.02972293521132014
0.09897945054870017
-0.0890377721096942
-0.11368476314516064
0.043463202285091304
-0.02202458909486027
-0.11227660431051165
-0.10018625773016782
0.0407985675244749
-0.0588791407638387
0.040040306740131565
-0.06674825923262137
0.0535846921816522
-0.01676050306521177
0.016654468342514585
0.07895636854865017
0.039014070365476175
-0.030586121606747
-0.12128409479149345
-0.04178438532867836
-0.01328731432972653
0.06881278865916148
-0.0716658904236532
0.19487886218848216
0.05427399344709213
-0.055621115090457404
-0.06763520240600922
-0.11391114785635019
0.025618219896832554
0.06410634269372842
0.038149001246569295
-0.1350173237883372
0.09832030298049042
0.014987367897217066
-0.059034438321133774
0.03772563920215737
0.01751820844173193
-0.011497793330811364
-0.05723962946764965
-0.09380857211950819
-0.13291003404049007
-0.17678065009269878
-0.06541130295861773
0.022056560584515147
-0.0896039146325246
-0.05815167273770557
0.06458664310108281
0.04640547133893618
0.045253967563873704
0.10312968620277851
-0.05587981813953001
-0.1543821062894231
-0.058785921970297486
0.024263714934888107
0.030886017415718333
-0.027533823248880613
0.13867115320021664
-0.21625757301172246
-0.05481538052270423
-0.09246041936214715
-0.13906391620803066
0.001964774022075384
-0.03394653778238256
0.030966811703525256
0.10353787658386171
-0.09052487493568387
0.06261330798743969
-0.0009327986656345946
-0.07231049313422716
0.06411431615370404
0.05399674633712763
0.1054183406650628
0.011385353559519716
0.008664825199926826
0.06735443930186304
-0.02595786614182745
-0.04792360811161408
0.042885622263060266
-0.1528440772478883
-0.10368096045696203
-0.053748433029835244
0.03283792696023145
0.026460555887136555
0.07424023620624583
-0.0009754064728220956
0.06819544727800708
-0.022082538123370084
-0.004773425712026325
0.12641251359271558
0.06946390055486278
0.020568733356040786
-0.06113887239991146
-0.05749258883890787
-0.14626500960130648
0.047391705415035644
-0.14484992133602814
-0.012194498066329537
0.07099283087984484
-0.0408915368320047
-0.023283721344907055
0.09410681214831422
-0.00883698551797229
0.06802662264371936
0.12877684585491297
-0.016585813639300735
0.041717149237719894
0.05127848920135339
-0.10253662355266809
-0.046139995574586416
-0.02396315585251011
0.01407844396104714
0.044583912314184376
-0.12035082633203123
0.12719942695443842
-0.016111963360405455
-0.06814938689686302
0.06015907172088135
-0.045238309459103704
0.09310726082375693
0.02983218441080899
0.042444662549831765
-0.14652086713394322
0.037243839152491395
0.04407928564651444
-0.06281345358963258
-0.039902874531691106
-0.021185064575502566
-0.03936661070056496
0.0021142125030076293
0.024393406852678254
0.0013191830638138256
0.08241367213119856
0.042247193558241275
-0.10111441267326712
-0.11421831464162832
0.16699013580271888
0.05810356948284496
-0.08062860690587784
0.12350733539524576
-0.066833235168483
0.09932555331155878
0.0022221853414912986
0.14078009899686397
-0.1341505714689696
0.07886499325909922
-0.14339675867156437
-0.009330981129963905
0.09441374695173296
0.12418102428678603
-0.0820454557408398
-0.07277652574899215
0.04351719300864696
-0.00586741320833821
0.022278046207891256
0.06269240518350916
-0.05217821745567825
0.09504547759687539
0.014593288497999821
0.0415707111966484
-0.08208283242987932
0.12550110867853612
-0.00614163386293202
0.03174526622521034
-0.0796421074503305
0.05245132297393268
0.06208190765398848
-0.1695085530230374
0.06172757462519044
0.12072044538308137
-0.0015660063356717647
-0.05233536526334264
-0.06191219718353073
-0.13725644540248377
0.13307619785343305
-0.08644954821479983
0.03560841928201155
-0.03732183832603945
-0.04979869144052493
0.11361809140909784
0.0027842975684658714
-0.14121999671738084
0.0512914014583557
-0.11147579205364268
-0.13662622434013647
0.06699288290758718
-0.0734009190398122
0.15678898773444705
0.05921888077540573
-0.11652164416181264
-0.1106583672835903
0.16979618048925085
0.1100144285270755
0.031316084420027056
0.10506187460902755
0.06615682078678889
-0.17834614651752273
0.08945118863002952
-0.04596927469534893
-0.05745142725588134
0.06828994593447792
-0.06362623891364083
0.05608554254975025
-0.0633304336055504
0.09339118597837116
0.10443552113242534
0.0697389200389235
-0.004206980903762928
-0.002463695389004118
0.08663585485205348
0.04273327825576729
-0.017181060835365945
0.10928033120765454
-0.018463572833577198
-0.03979463453381811
-0.02159562741298146
0.04331169337652313
0.0973247197704896
-0.03359995627493026
-0.04462602887611154
-0.055745877083562524
-0.025432128547616468
0.008333258792632707
0.17072009000532326
-0.03698993526062318
-0.08879938442306526
0.16658084780575888
-0.09502813754129356
-0.12063833292626848
-0.11527228727310189
0.078181259006253
0.004707084516485736
-0.045838928297023254
-0.003497417656016284
0.03036431248303561
0.050291303504812354
-0.1086522392319348
0.005508231705027156
0.03987988920724462
-0.038703939881400626
-0.0015719917667669156
0.0386167066190496
-0.07657034024556057
0.025423345265456247
0.05239364818769215
-0.07375835118273007
0.03263696925335127
0.03130899662089915
-0.0012304286896639254
0.1596235819689872
0.06460907930806566
0.05309845249107313
-0.06699397575127179
0.21518820430350444
-0.2249754787023293
-0.03424549116268477
0.03156109934923938
-0.11758385782385754
0.1157181345088392
-0.15068933887970726
-0.02255223815341143
-0.10310412808131318
-0.08813397242084973
-0.009541738292984714
0.12542051859952685
-0.11097505838218005
-0.06970885368935796
-0.0954903764706718
0.06638467086638035
0.08479152717724968
0.01522458641632609
-0.022956253016917998
0.07665997973725001
0.14204679021604172
0.00818519550405296
0.04225235507837419
-0.005567717225095928
-0.002371614069620616
-0.09571418343117918
-0.08565797510119194
-0.061114994200048366
0.11524040818563903
0.08307110828813677
0.0073614026923955736
-0.013561650937240328
-0.03909934210776954
0.1632764707886782
0.03872569845384349
-0.04487733864316678
0.0949170842131851
-0.08247125312989183
-0.1043884380859183
0.03444578094236447
0.011427600342321905
-0.015258487207966765
0.005007098384098943
0.07967132234446894
0.12660971922800426
0.1436565370518888
-0.010925196416470103
-0.045749201735477
-0.031656099783514954
0.07130461060901631
-0.052642185501256655
-0.034767021927954
-0.09780607594492477
-0.015878562021245744
-0.012234769387802371
-0.1374011016574524
0.020817535330179982
0.08871850651235469
-0.010934511986859498
-0.030621581807882256
0.004885766755498943
0.07481899126471121
-0.07025128156298698
0.0530223376751844
0.10444308013317098
-0.15434409233964558
-0.06344469656164493
0.007926414077672021
0.07190005295287555
0.05115158653011362
-0.024068494072455423
0.06390009900450522
-0.07210479563974023
0.030230190498244793
-0.08614968870605927
-0.1599223909829813
-0.1361863694854247
0.11386674363581112
-0.07516845430701227
0.013695438011974485
0.09675313246954234
0.03822621860421795
0.13961361238107745
-0.10562180286851196
-0.1256305150784829
-0.08022135235215792
0.0012092058804927183
0.10320840488901517
0.001341858583701892
-0.08664052480464411
0.0006841501949851874
0.07511915418033872
-0.005647610748938902
0.07541985091778394
-0.06215933023133533
-0.011104248376994395
-0.12253899501383465
-0.09114344478910702
-0.0737317373142227
0.019478326616427673
0.006475970557327373
0.15952579273025924
0.12184130182945703
0.03300678448818416
0.014975583196375663
0.08929308448284616
-0.08959114517979104
0.05382641447190913
0.15024994770067293
0.03540354903797656
0.16896212217278228
0.012651678373562663
-0.07589668364359559
0.025556270798197785
-0.021012672880060597
0.07110756530934553
0.0006850484178866356
0.02269028134454306
-0.0469498744360558
0.07240017522900166
0.026402419288770865
0.12371540900368015
0.08925313830175341
0.02886141444039384
0.037705389890843995
-0.12148581580757757
0.1595141539662169
0.0549817563184392
-0.0003254392361951835
-0.1523379804118453
-0.042361866616819815
0.06396489111474205
-0.04953077278885673
0.007664488838507757
-0.005748514027054428
0.070538622907271
-0.0016191956554460086
0.21853578763640588
0.0463923881981155
-0.12084274521539436
-0.06315990491652809
0.03807577102813957
0.15972142811003545
-0.06066317809278736
0.017920128235235686
-0.02170159024700013
-0.20527793820503737
0.11116045919729999
-0.11065945183577071
-0.1406073342765664
-0.01626883113420652
-0.02159321725365
0.06996104828802761
-0.026210076839842198
0.3184538556544168
0.06664044355007764
0.007484427512170462
-0.04040555214696494
-0.003266235356595074
-0.1363491437168438
-0.10527068182765702
-0.07808707108194757
-0.06402000154998416
0.07391880628021062
0.09770106457480418
0.06803745553338791
-0.07463344389188654
-0.06976302255135365
-0.02368994819818295
-0.1408794374184599
0.024056853352229866
-0.01136627332614087
0.12396070935350266
0.10966467606165654
-0.14297806298235397
-0.011990709716025243
-0.16427166389431888
0.06927282196366993
-0.01603108511803885
0.028468019204419687
-0.02121132049425655
-0.0994986923225183
-0.021501745671095147
0.0060383499914536745
-0.062082383042472655
-0.10036396294961207
-0.10866112410836362
0.0016944152815900233
-0.02704497888401291
0.09737065306838248
-0.059960906501280865
-0.05051923131357896
-0.07143272249739417
-0.12342349357698465
-0.11380420646770309
0.1013800702199917
-0.013712207745369676
-0.003797516442513636
-0.019834065974541577
0.020645834899233637
-0.19206281877765838
0.11521356369042954
-0.0026111955067566663
-0.01758340488935512
-0.02883072686637116
-0.013325020502066506
-0.034587560987338895
-0.13192404275330455
0.007561602978162656
-0.016350734426516945
0.06283614601280905
0.10316841951944489
-0.18481964731587172
-0.006022498680991392
0.032823154463542184
-0.044946327797168555
0.07357309335380034
-0.09275986095827113
-0.06995020711659743
-0.04856641153058691
0.015626169271620943
-0.00523669169308264
0.03809591926432357
7.447082647571435e-05
0.05999636440866388
-0.07940887641419513
-0.03890624251856711
0.038237133071260795
-0.04689387108251979
0.16048333379076657
0.014498716947243296
0.09409935428686471
0.08419917059699202
0.037277280216081454
0.005721003408583778
-0.06274771952355278
0.005277401854259963
0.05729907759836255
-0.023560579469310092
0.04965149811933448
0.05146492926674752
0.09096113117919359
-0.012931617048607586
0.024380225987669812
0.11996651929501365
-0.10797621623806372
0.07413151165351853
0.10078443492600642
0.008909044164414246
-0.07963075447900686
0.0014602248187148958
0.06435205811995602
0.14481272864574166
0.09777158523521902
-0.04561340125271969
-0.1320611686753226
-0.06732221170961508
0.02828209433527271
0.07291949097756348
-0.07952925342475854
-0.027477217223145854
0.04110305684829308
0.1859093370214349
-0.044273530161100076
0.09630298506555128
0.04530894034036903
0.08485320254104001
0.014076622772346992
-0.0543253425571336
0.054949084602990174
0.08830953995457806
-0.03837315649838663
-0.05110578866916454
0.12358548139777355
-0.10469703371883976
0.14941667308234496
0.11719727193300696
-0.06441325711414522
-0.02199153607571227
0.02643471044422189
0.08420127852454558
0.05874449474577196
-0.06694532850419237
0.15451452508112062
-0.00035947119594642064
-0.015890416939792547
-0.05017575454671178
-0.041782219180404
0.11731453340460885
-0.10319060389372398
0.053490326502664276
0.012496518147956758
0.23263753720665464
-0.012855034821567584
-0.08021234200404613
0.13716250930039442
0.12464565654326994
-0.17190528767247418
0.07828780861130183
0.06692907916888356
0.012483294902580057
-0.05999933240267201
-0.17574274986065783
-0.035256148768220245
0.0362605310634578
0.04233938520437114
-0.2048128370273251
-0.03033549142033596
0.1513956342242573
0.08186610892808223
0.0025727135535688894
-0.13927775265383965
0.21318090967371628
-0.019258588722323416
0.06674082941994419
0.03456686497400225
-0.036524659785835745
0.03092159916998795
-0.05522290572488804
-0.20723169698981037
0.09252337780219357
0.14716966813675764
0.07746330154513624
0.055924493020688804
-0.07108701126980416
0.07507120216460522
0.1298719535506579
-0.19581780877890465
0.07772771338296013
-0.11567522683248795
-0.01336799608651423
-0.046879716299734045
0.07408029566311855
0.03692782886272648
-0.061620476572000954
-0.0008843516269829363
0.03876805917206766
0.02842905878186871
0.004353665340556412
-0.023895362496486317
-0.00975515907733976
0.06190858120154407
-0.05797279160731963
-0.048822163693166984
0.10495841151257686
-0.15038903487861
-0.019700029690163115
0.010371411724469098
0.07391618140243703
0.014790292206591872
0.09609601141642435
-0.004440551649307977
0.11747058654009583
0.07627769621550058
0.09697781350493577
-0.05860915761849282
0.052383011451474976
-0.06294245966380735
-0.04130214627303788
-0.05460892212051986
-0.0020505548215249535
-0.05977755190284116
-0.11749837089377049
0.09458195571884648
-0.13116883310923155
0.06502273817556516
-0.07116159701266819
0.23355213569011535
-0.056197389277266765
0.12201297474638813
-0.012567040057996534
-0.06091600970500049
-0.04714052632435042
-0.013903339634180322
0.15642474373955342
-0.049298026488774974
-0.0696824228729165
-0.03219880032055583
0.054424669054402776
0.013229272977558626
0.08658320173103794
0.06471564912118233
-0.013803081126819623
-0.04710232623707146
-0.04288699934556911
0.028254798032663463
-0.016711125048000534
-0.06386460095135095
-0.0876202892175788
-0.08469879299231813
0.03321566628800716
0.02541425406320385
-0.006384883463228937
-0.1431674999588318
-0.03886668291005749
-0.10345706088850845
0.06958780081108157
0.09736510234571481
0.07746390363685637
0.08795679232299461
-0.04645595268919854
0.034943932134752984
0.09188725143946999
-0.1526643119569457
0.009331296287368987
0.03730228287908392
0.03786224616211844
-0.05966515522060533
-0.041642425489095275
-0.02730250800479358
0.02051614559236138
-0.15893985455735465
-0.08126767617390013
-0.022708970023917707
0.04968115372778643
0.06795755718007879
-0.07354527530244222
-0.05889670316581357
0.04853506581893066
-0.10954142710582007
-0.010318734302456355
-0.0019609661058400535
-0.029776718934721343
-0.028322915273334658
0.04478473007681212
-0.11785615313348302
0.11458683881548416
-0.03372110128537617
-0.14500912548066708
0.016556723719101173
-0.09371869284377238
-0.017941369939026404
-0.0235205127343364
-0.054910601911865274
0.18939106023416571
0.028692676307661216
-0.08375409917620871
-0.13982190045652504
0.002079777220136492
0.08244388821838548
-0.05197722259329936
0.011756042541008671
0.04459354551566533
-0.08597114388434719
0.03152005574661748
-0.006657974070184871
-0.04921667019517394
0.06422878114795255
0.03956794493889823
0.12709130216492098
0.10554312981676903
0.043328936127682724
-0.1918296364084307
-0.003413632299565551
-0.06830861313313372
-0.10776944570908362
0.07794131532433995
0.08039451564375927
-0.004266931211274333
0.008560107248058238
-0.05809963608352151
0.035110377006570395
0.12932435232510991
0.03538170493956809
0.04065252048274996
-0.06433013872770535
-0.07572794961384029
0.02694027398336339
-0.038388634200421545
0.09656380057805224
-0.1278182403208301
0.03367652463499564
-0.048589126512093773
-0.11229837882358505
-0.05892522381420761
0.09701849255866384
0.15006174447733375
0.03359518500294878
-0.15195185238329723
-0.17012701474492434
-0.05181351459292018
-0.04625484276076876
-0.08509544091811232
0.0665370806685263
0.020067497846618324
0.02404320396114582
-0.09608560240110764
0.08219764344992868
-0.07827793447479568
0.12466874597137356
0.02882557679079812
0.11060374379088649
-0.16948846841797932
-0.0452256826672101
-0.1442362270721603
0.06795173691691325
-0.061171390035230616
0.11113845986350301
0.08360471127852055
-0.04831777559221901
0.005048783275356164
-0.01754212828353139
-0.14526285576535036
0.1395115931590749
-0.04626078749642596
0.030927936768114006
0.1483205493900953
-0.05778603309279806
0.02401606453783542
0.01495682769765964
0.09536890887100288
0.06424010750609993
0.01727836005692178
0.0836216445326176
0.09098530625046686
-0.03313728241697833
-0.09030084085791495
-0.07287908931589773
-0.14644373306905503
0.04387410908820997
0.012546731278611322
-0.12056453205580765
-0.006738231976065196
0.004304474233181199
-0.05456183158062306
0.10872246923129306
-0.029497740139719363
-0.16652527401828984
-0.15175590168098813
-0.00886377986727598
0.002420720318598706
-0.13883396266941553
-0.19246583738599984
-0.062401882354102906
-0.052204178943377005
-0.019050889667152716
-0.1034343311575727
-0.08111215909973088
0.001212363611582173
0.15527505708606276
-0.03380793012979915
-0.18929619430717984
0.018998293216588087
0.07574461795738761
-0.08892974981669506
-0.04974126537047709
0.15878158244881466
-0.14503100826000956
-0.036786702748520465
0.020178535955475807
0.08675179529367531
0.02572501049069411
0.004461082397910596
-0.05116480677242711
-0.021604275601116288
-0.10257637060552167
0.03185812964019872
-0.06748686025631999
-0.1063125295382454
-0.016383265505399317
0.028798060887515242
-0.08013437674765879
0.009235361977645268
-0.16056858735097745
-0.05004502169193002
0.11646551204020239
0.089628107014475
0.1457749225336686
-0.08950085588191385
0.09730432614145688
-0.07174253447125362
-0.11065239214402062
0.042775588450731226
-0.0437632827798596
0.09566848872663639
-0.060621537156682635
0.0998971289242056
-0.06872131802288789
0.033088889563148316
0.046004725067332004
-0.008437915501284813
0.06485831112727312
-0.0781119134654632
0.02695879209971449
-0.04454827485220143
0.07264762651559427
-0.06675811403095329
0.19234854753856032
-0.16392353253892125
0.09161568130300149
-0.0706403696504709
-0.0824991639770133
-0.05196252269765882
-0.06179445820660936
-0.03540620714076412
0.08059030325588656
-0.05278545239487741
-0.0019198422422957006
-0.0036203565635484682
0.07967092257433668
-0.07438686429867619
-0.042725915555015564
0.07607975675921025
0.025976741956843984
0.047485312634413225
0.18947360470987515
-0.042302653340127096
0.05606755000776673
0.0066153148690108
-0.05960845223657237
-0.11548806843245323
-0.14114354683331676
-0.038616394523482964
-0.09811034814240444
-0.09601937826348317
-0.030622285736441754
-0.02454223861233184
0.21605416501955185
0.11457507949085748
0.05476302922296386
0.06765294292156138
-0.024443006593548547
0.12961438739746434
-0.12951110435688734
-0.0736861519775925
0.020684050647499105
0.1066796916013754
0.0811333403759213
0.09183932115666507
0.06476601863810943
-0.051628050085740305
0.012704575589515293
0.007917884526740627
0.09878714226391015
-0.053128500924597866
0.04517577978448269
0.005248518759632375
-0.14809414005069524
-0.16357612987104558
0.07550909997022977
-0.07596207039100336
-0.06553716136193269
-0.05791983858127249
-0.0242906681576526
-0.04029498157059714
-0.1843956460662994
0.17983351699516625
0.07144382545030606
-0.04617309220515777
0.06634052580635823
0.05146948155389031
0.12888889626154712
-0.05143784927250214
0.04172628288924758
0.12112620658076897
0.021601883684871037
-0.03241069354457257
0.09036700894991188
-0.021552333287296957
-0.027800842878815006
-0.017988655817338106
0.05078754829688586
-0.00919083739409658
0.10803912522115923
0.007899699911345348
-0.07825314168877416
-0.03521874737062955
-0.03133885248798917
-0.08471855474722187
0.058790734420581824
-0.09826988179571514
-0.050006261010025935
0.0070378718174007645
0.10666051022333986
0.02167969228520316
0.00014277934694820367
-0.0733829812524871
-0.06079474656418589
0.01998081168008005
0.012138038210625996
0.040057117514114296
0.17826911010912366
-0.019190481550858417
-0.00020954515401665555
0.10859646938916434
-0.11821710271215738
-0.04518196925760183
0.032397555238280466
0.03705066624407425
-0.0840780462841424
-0.09740349319732829
0.06778089011885692
0.06843699044954031
0.05493383432188116
0.004150442930256177
0.09287637617528997
0.06968984620854349
-0.004065162223166825
0.05524295527392977
0.05589495910334599
-0.07434475433962603
-0.06676691079112915
0.10423280073022537
-0.1357639615116456
0.04674534702381487
-0.08245933412908457
-0.038641498254707876
-0.07913029746455613
0.0787060119274082
0.03141007814135376
0.05949225328278374
0.1853182332242267
0.050503167076876736
-0.043898721382851266
-0.04409946407397555
-0.006941187893308965
-0.035732781329111986
-0.1073871756366115
0.04198744349606499
-0.05687020781085547
-0.09551109889579844
0.04840058710190476
-0.0490949377497901
-0.12154210387659999
-0.005542519147301113
0.027756570308842397
0.17341453464841347
-0.009481892245978375
0.1910360404901945
-0.07636723463269822
-0.01663273551037034
-0.14347985615214745
-0.07931718296146606
-0.08416764580091575
-0.15878622101583925
-0.06577633101307011
-0.0306554566079505
-0.08805583281758678
0.061278966272289036
-0.0815013036643227
0.04981575662502481
0.035036973384913905
0.0355753086065619
0.06654164809160973
0.08201635909918359
-0.01726837661330312
-0.10488917449738087
0.02338763197958494
-0.009260731255365317
0.08791233888031809
-0.11341306600142814
0.02663684944131159
0.0845139292143396
-0.14121952103006585
0.02598627050849752
-0.03902007948698738
0.010087351099423165
-0.0908971464827819
-0.023285737629183442
-0.025539795923717884
-0.07824633551819736
0.007297526666571057
-0.031266296455018744
0.011361691685570894
-0.0996204307610008
-0.04377644911840741
-0.033002972305264756
0.12542540529841686
-0.028169928128061704
-0.019231100915117712
0.020038189211761946
0.045387229227460704
0.10670985205539894
-0.04503931944514792
0.06914120153936461
0.1313837270337349
-0.003964646132411512
-0.08637387161854158
-0.06284503722115638
-0.08281408092792025
-0.07515757480389572
0.0030115956340388585
-0.061574307058645944
0.021308419177132224
-0.06202478524133867
0.1449785025825406
-0.08528192260073751
-0.0011659310605214926
-0.026017194290191788
0.11414436836916077
-0.06468404797430294
-0.09097074602555091
-0.03402532502062753
-0.042305704248643966
0.09464675468593062
-0.018543472262199445
-0.08162382612463263
0.027030713200216855
-0.03243950598454785
0.08045592400017179
-0.190808523363682
-0.06646519439151914
-0.012698025651635057
-0.1388993174907102
-0.020801729606330033
0.11962631467045434
0.0639365787715742
-0.06544421454581603
0.10624189860995521
-0.030526990560287338
-0.0017203659570498905
0.027296722987961337
0.01637080487541923
0.1140752875051778
-0.24074218220016103
0.063371718704892
-0.029850338158704404
-0.023084463319093966
0.09921291380883986
-0.02567781571117104
-0.14388642883244995
0.027105348969678186
0.0014319893997188759
-0.119861681889726
-0.019504671661519955
0.10764330202926622
0.05907871849171608
-0.11664108128853758
-0.021578276650984142
-0.09640530101232433
0.07901312230617842
0.1592687161676335
-0.1023944842690881
0.028651086866166305
-0.04048783276872791
0.011775173158663405
-0.07355009069375412
0.08660183406870466
-0.0208891154671208
-0.10189715445396814
0.07168250451986731
0.045684663175376755
0.04494493363425281
-0.04457596217581354
0.016543908459493648
0.1253303520335974
0.08202873451461185
0.1394656546870702
-0.21328012665816162
-0.03732874449374084
0.0011620749105471836
0.022241998907297708
0.011038889659883012
-0.14151176840325133
0.023928462805100394
-0.15846758623596818
-0.11755594041762255
-0.000503555088476897
0.047737267454321775
-0.07580991657499989
-0.1264881720708876
-0.011160187745866449
-0.04802987634571167
0.01674507994262503
0.08887207678771926
-0.06888967149435861
0.0846515225873788
-0.07083516604726164
0.04878315465486886
0.04531570988458145
0.03741982859494148
0.05817348584999546
-0.0023074832101213603
-0.13017557251102346
-0.04605557033428624
-0.05612206263138337
-0.017962260893950005
0.09499822830925847
0.008520848690284622
0.15507104179262124
0.09674367828413936
0.008414391443904023
-0.0028790610269540957
-0.04994368584674537
0.12800693601405816
-0.0056069321593805125
-0.13531182143305306
0.01993099388851928
0.035746305034751534
-0.04425730082013232
-0.015876200614957182
0.10860155395438151
-0.013598063019989613
-0.0915027288229701
0.10662582264616896
0.006777343073190302
0.049219757830791334
0.19500343887904192
-0.10519202229849135
0.10778309075163557
0.09660259178134728
0.030549657589592938
0.0641118680917892
0.14912589692307401
0.03596218572154927
0.02905596016934532
-0.05950198904307049
0.10831945820720824
-0.0022542163894721003
-0.00905947209479121
0.11528234123303345
0.09151731817596487
0.09259880029797467
-0.02263291662687622
0.025996965527849032
-0.051378476272408616
0.10791372302245024
0.03088256234084016
-0.005265037042387458
-0.03772326666290578
-0.05828103531101313
-0.002582213007485089
0.15142513063259136
0.10988293447061802
0.08403508458656314
0.1205693522739866
-0.08659689087473788
0.11933846553041229
0.018646431452001015
0.11068164419899933
0.03734256698106431
-0.09257352238773882
-0.10318253278321314
0.03061201319177271
-0.04202094016310929
0.032402928594015126
-0.293183268804285
0.13632265540345823
-0.0908769579763487
0.09830779812701983
-0.050521775782935874
0.06697438986545005
-0.0874931154771561
0.04089008959703691
-0.05097590916461913
0.0020570641843764975
-0.07164913138857629
-0.02514142277024574
0.05767310403294805
0.01834567916630126
0.0565502854833243
-0.13071936572104473
-0.007730080558168475
-0.12007384469049576
0.036301722987808524
0.033376310282285326
-0.1499116939103581
-0.09657019496676678
-0.044238922953966545
0.07665669415934476
-0.05050428129374756
0.09276230496281199
-0.13217510517112355
0.0745030234334148
0.05141862348434268
-0.042329943524732745
-0.040284441043598324
-0.11533684293094185
-0.12739700976473367
0.06038129521019498
0.1567699933018945
-0.1403178976983349
-0.033247515904900174
0.19433135234366172
0.03547583518901273
0.1188927958917357
0.10707391810487898
-0.029757019170245577
-0.10101703905980489
-0.16213564709370287
-0.03661782708230138
-0.04108074923745088
-0.06406850401065764
0.09486440052250772
0.06686459808898088
-0.09541608865616764
0.07512939583394382
0.11254152078715879
-0.20569460657228952
-0.028566649119448343
-0.0972169887948717
0.17276462677760482
-0.038563842306963136
-0.04148971326092116
-0.028757711161950264
-0.13453572613184864
0.1282882277985268
-0.03176904570066387
0.023634063843726273
-0.03203390922343096
-0.12575102246719602
0.004384481805004226
-0.1560345825495789
0.13028541287673903
0.12598310273068958
0.09844197784149354
-0.08419123983519615
-0.1671394858496143
0.023971135468809898
-0.05617419395197276
-0.00018387663730498605
0.12669537665002556
-0.01065616687957411
0.052318208628364296
-0.12027283472786116
0.11606748145889811
-0.11133958944304877
-0.06235906289603299
-0.12873387314684911
-0.031779325831352484
0.05351217612866066
0.06738515272306853
-0.04024085410183925
-0.05641064380467817
0.1434774935614757
-0.009642556432146551
-0.04976670499906585
0.028796437642082322
-0.04364016593511077
-0.046488545938472
-0.02866424584610814
0.04999805978244161
-0.11444453776990282
0.11472748540431589
-0.02426289868576567
0.18861197932874996
0.03801977945428364
0.012995467559641267
0.023875702161365368
-0.08764829768224582
0.09204809358019941
-0.15045395742887255
-0.04049844645552539
0.03636037153805704
0.05539906972237992
-0.014456659273329031
0.12924534485905978
-0.015578798820955739
0.043476901610360136
0.05281520581954011
0.06250188686787031
-0.09219893519952253
0.09668901503034595
0.07320595983375919
-0.17481573342263837
0.07711658528977601
-0.07103660917311488
0.039267211592003304
0.12253524099953282
0.09145629043280017
-0.027251384327153867
0.08213757149456262
0.07871437162814231
0.047928662879773515
0.0026237566997064816
0.004242721285653698
0.09513818753051714
0.04315586922551895
-0.007686788693229746
0.06964017486976207
-0.012985153402286937
0.037901843069782476
0.05182317606071886
0.0193756792257814
0.036557368009446284
0.05758545468734915
-0.050492699950990816
0.023856906124131
-0.1740251452156286
-0.018415201986063095
-0.042405525142410874
0.030706526342479883
0.010605225587498759
-0.023454126256493898
-0.23118154510434014
-0.11923589139424089
-0.058566188574450416
-0.0680373017135458
0.08782613490938687
0.053082376343703566
0.0024110089874634696
-0.0668602448869097
0.005369199803620645
-0.06718363825084436
-0.10593647598224563
0.0022962830263416386
-0.021020162805562802
-0.017352298385941316
-0.18435232154642966
0.09158573395883875
-0.013376860517429687
-0.009851257212487563
-0.1383232075977783
-0.0336990944535198
-0.010081559282790552
0.005627050132786571
-0.03903903530971484
0.07974822826309023
0.03218048801717
-0.06220868725441177
0.012346336592664224
0.13821256480676003
0.07125696183262956
0.12136464340451335
-0.09064616486181455
-0.10761727650318546
0.006431974856692248
0.07466957076615448
-0.04200812167413961
0.09174095179324916
0.009027322027649831
0.0009824146573060785
-0.014330995625414062
-0.12908652367142565
0.004650602192569431
0.130164383643342
-0.14360252264327364
0.10497592722454999
0.019641343868038386
-0.10949006936683921
0.11449918760682337
-0.03761855165667865
-0.009501550507605023
-0.1251613448209516
-0.004552864199669418
0.031988319411643214
0.1011763398121859
-0.2698160383806289
-0.03994830817277882
-0.1134893512210837
-0.026853339993219132
-0.04743699619528581
0.13478936300155325
0.05719204117851186
-0.044229068844237704
-0.0032183733195890324
-0.0901169790215946
0.05046425437455644
-0.06847102315366978
-0.052868661740608044
0.054322861426795814
-0.0056387151531999136
0.04305262696862119
0.05849732094351538
-0.007693614552536332
0.09803182222477833
-0.062296809484024024
-0.07132241714010315
0.09506189067227354
0.11466334942156152
0.06749463458125016
-0.033786537624537524
0.039490529842804364
-0.008927790637054839
-0.12557943348575312
0.0503216106104916
-0.00572302785896581
-0.11106468419323658
-0.08633288998335585
-0.01482366719525239
-0.011911989805187505
0.001445359829241771
0.11124021745186385
-0.14779810895578932
0.005623362226973225
0.1268180127447613
-0.04915328614502842
0.05272689257598989
-0.05728701565018756
-0.011473835969836456
-0.05593021286126487
-0.11162700493962696
0.06113809690476861
0.03068484349280186
-0.16791868898613244
0.04281331371387938
-0.025496452425028203
0.019822273921895575
-0.05747580959983778
0.15584266362830354
-0.030225900304083356
0.02903930839266647
-0.016984989663413264
-0.05849047234640247
0.05707600325977775
-0.002240841476142912
0.011660187133434596
0.02217268819854621
0.022230420180019833
-0.022179012729661954
0.040763261926613746
-0.02182227043555075
0.051262679134510276
0.04716190306033137
-0.10315579172955557
-0.01942584555526857
-0.017890098237346837
-0.08957004243784279
0.0463150760541714
-0.005768914003534503
0.06680520813503815
-0.13884078870699476
-0.09931221655033083
0.036682341485794134
-0.14763180200946358
-0.003007015293863726
-0.026385350526802586
-0.03964153618607101
-0.06316376024988657
0.08780734427638467
0.13147172144699443
-0.1028598857656416
-0.02389301338343529
0.029789546541862746
0.11465078603714088
-0.0763430613269911
0.025375776090674134
0.01107002489630667
-0.08776834986272616
0.07257701618644581
0.0029111199629222075
0.1227811863357152
-0.07616001500679423
-0.013950951492850095
0.015415722538029496
0.08872112288347463
-0.01748338779297098
0.124173628986816
-0.15488911289637391
0.033534131628834805
-0.14461784569239747
0.032295338702216805
-0.016010992358332136
0.021142930318062754
-0.0534360053235545
0.026968912724302532
-0.0797348681271637
0.18722121715950177
0.11190950087926031
-0.14452511036823595
0.03673243683180587
-0.07399820642116124
-0.0916214142123867
-0.12529927125343515
0.07285783597419615
-0.08535404352559864
-0.047867028556058656
0.0001297216633708003
-0.003008385457128787
0.05944884386251917
-0.06315953293976091
-0.030306114737066344
0.0710438293771908
-0.10319007857979151
-0.05707942984443497
0.12618886805239593
-0.21380649339264896
-0.009820701599140716
0.06292391286836373
-0.012500476736304736
0.0224993782571805
-0.07670376559639872
-0.009059526404843043
0.10691240720237305
0.05554745988900654
0.028237177758792233
0.07012904783759136
-0.051469530777908654
0.059460688949984956
-0.1359792634066182
-0.2268091832550511
-0.07302972750301728
-0.109546875449149
0.11273195907126338
0.036783228061240715
-0.029343589289258006
0.11189676503807296
0.02414795287633746
0.10789537689505826
-0.12706416005802373
-0.0570813256109103
0.07121343670485546
0.12093350222060677
-0.08204109716843992
-0.024222489930608937
0.03066029124245996
0.06183320639230346
0.06755063206202452
0.08042103199436061
-0.013848846613812207
-0.020476033582901947
0.07193727889308865
-0.04274813868994989
0.11777957155180122
-0.06752598048547297
0.05368731848734684
-0.15100668914567525
-0.00041676027103822004
0.0558650275255319
0.07456758864011644
-0.049414095311753364
-0.021036470791452003
-0.09049953437539857
0.17318578842044488
-0.04716648597361334
-0.11208223177294549
-0.10606476000123152
-0.04278852238796807
-0.015975457173118938
0.11149972090839759
-0.06292876520119424
-0.0031651558521996748
-0.12338141484102416
0.0667894272958119
-0.08740772266548147
0.06365215372876332
-0.13793125732904424
-0.09391112361276496
0.111948962362224
-0.046380411080804054
-0.05699337719416381
0.04077443163941699
0.06539607890525966
0.07066229414079081
-0.01002857464520172
0.003788522747362984
-0.00048875623475844
-0.07600531038826971
-0.07224761762314448
0.04214199253062287
-0.06401502990065656
-0.04108170579054535
0.012338713182618262
-0.06415579995114755
-0.1471735762816167
-0.049361185213196435
0.02500846605314623
0.05473331898593019
-0.03997783222825582
4.378938000651825e-05
-0.013874223912950767
-0.14486358296444088
-0.10184955036902807
0.05103237980994463
0.15631026236215328
0.1089191552518717
0.003926844469666447
-0.22833595122950204
0.06268295659821423
0.06105976654798023
-0.05508038655220834
0.034989042206750184
0.03181086824331068
-0.06880475924656461
0.10390218142633145
-0.034082103967408864
0.01648231455609981
0.03671710080639973
0.02384225257002599
0.1107096400083623
0.014298354187188236
-0.01575882872789538
0.05895322479579411
0.07673300499011862
0.06503810324127068
-0.036291352973397084
-0.09208341598674369
0.10697265478132224
0.0761137784363364
-0.14438678804288013
0.08982034223097819
-0.1799584598038745
-0.1767326188898412
0.15087406177534596
-0.013093562153001403
0.047262015863708165
0.060011257605433924
-0.030149737817689024
-0.033514925591030836
0.025173549675603736
-0.06378611051333119
0.0735606954005054
-0.11801838831524068
0.07733558351043338
-0.018320469884061948
-0.030247624966783612
-0.06957477487963669
-0.012190095550289761
-0.015444094923018794
-0.03464809638268423
0.045157881854588994
-0.16513459101975503
-0.019204449992537377
0.08802315325800389
0.02410938125863961
-0.0739077685012039
-0.14643521609719015
-0.037547061670450396
-0.010486652207889365
0.02199435163739509
0.0998466051555239
-0.016849759150163825
-0.0010756763729112273
-0.106554045867273
0.03822514982810631
0.012974956692212863
-0.050611358059150985
0.04585018617363918
0.07956761059312248
0.10277201056410172
-0.10711184835399705
0.18364051157737324
-0.20407367195220033
0.12548371264629535
0.0649683354761581
-0.02399706559451223
0.018648123152650884
-0.09684154242427351
0.1149809339465922
-0.14177416559834574
-0.0982512590307445
-0.025661350825942224
-0.08596978802792929
0.01647506657240899
-0.020151768966004513
-0.03113608658117157
-0.04425340556924887
-0.20343993554638792
0.01957805774296744
0.042841605029243994
0.07153965653909249
0.03165030876566108
0.018855873610579388
-0.03042563176576949
0.17972016058077206
-0.04366082020922925
-0.20207314511329463
-0.08630213391300087
0.18389133954801748
-0.08206585815142702
0.0289298431746665
-0.1062739126994817
-0.07757873804125422
-0.03245446457513789
-0.10094573966831812
-0.024101950047025866
0.0747723205649019
-0.05682225114364775
0.05163086587531625
0.12679844212379013
0.13763941298017443
0.07634275111262538
0.04542665356149442
-0.08731466500097299
0.024442167952423467
-0.03725823652852415
0.027277148642580254
-0.07265075149901114
-0.04998096531533647
-0.05911514729764729
-0.016304313568258434
0.0902399471419815
0.0031851016004890067
0.12455910300897587
-0.08180925816455098
-0.014745844939756211
-0.025567674223441854
-0.007132193490974969
0.010466980836315793
0.02101529263998282
-0.058217365223633896
-0.02171608998784686
-0.008177185426686795
-0.051842288846780195
0.1298787233081295
0.0060666677557101156
-0.00419598381776538
-0.12601996673294572
0.13818202887802258
0.01291801472214549
-0.05707972567386209
0.01460188727461749
0.018126076416069337
0.0002935472559737369
-0.004947754484647498
0.10276371453462665
0.11396298438720798
0.11170835244863152
0.1365810167219442
0.05690694984545616
0.00010195127223712637
0.0922544153037301
0.059464521090930755
-0.039810066061132625
0.0010161795796599406
-0.12890796293951454
-0.040232915217795415
0.07433165539545647
-0.026823583297105796
-0.08895587897551002
-0.03409325192530484
0.137468131550293
0.026177962379106155
0.1168554371377156
0.10300281997292833
0.043749472121743765
0.017093848157077415
-0.07615188609789908
-0.19231241559936396
-0.06030979186997593
-0.0050588588017988325
0.002174754430502402
0.08327314657272959
-0.029257455506752992
-0.16231401756984393
0.01713615835880895
-0.010946947634318476
-0.0417571758435898
-0.1222644873936856
-0.015026531252384246
-0.13752480858140403
0.07372586918395796
0.03764401103346181
-0.04443419769054874
0.05574206924753443
-0.016415222969167795
0.051167723444276
0.059014942632880124
-0.0032479006988700987
0.12735317195439932
-0.07833580877699906
0.09440161493917631
-0.0744007165246719
-0.05121212056082647
0.00985928856558573
0.0036159828436350735
0.07664974943864933
0.04295619244221641
-0.12987667729456712
-0.10829110319034412
-0.05237635354840602
-0.0055605623327721265
-0.04498492781525486
-0.05998511033178698
-0.03217221539077331
-0.02068156085128419
0.01688381513888766
-0.027803561945547596
-0.0022202748095206913
-0.06362471798467675
0.019201206652092514
0.13466997694405256
0.07587461350940486
-0.026643615110823242
0.07326505210037408
0.011491202122470926
-0.02189666482041578
-0.03245188602548531
-0.062204891322071305
0.020685113740342306
0.10253686478104979
0.15895120566987242
-0.12483767186787595
0.1820501219307189
-0.06224047581076432
-0.04678687670609979
-0.008230277186304594
0.027085287487861313
-0.059741395878641655
0.033652271443370935
-0.07866556994375072
-0.06282027247839513
-0.019715497427738156
0.03702996075544708
0.12976852904877684
0.007119397929012878
-0.0848063331289817
0.17205386760477487
-0.061504273593916435
0.13980566724403912
0.19546578828612518
-0.01656161104765643
0.0679891555211123
-0.02442295971383502
0.04575555592908042
-0.14902575932339202
-0.0307704741219104
-0.013365128908601432
0.06412363171073009
0.08921840212224288
-0.0898732829241938
-0.0007921043646267594
-0.007518632634720501
-0.03689616313178784
-0.10289956837528441
-0.1720105592923949
0.18399231129714896
-0.025637519279536565
-0.018219786338057927
-0.04806811120126
0.08583536387364606
-0.029239917675947868
0.03242078867466373
-0.09870146926691824
0.05553389092668411
-0.05176409848720747
0.03465015098294135
0.05373987191949709
-0.060272848771978485
-0.06330956903725662
-0.04704139538791297
0.1506978641550833
-0.05765500604507826
-0.015676555178433253
0.06675056137483584
-0.022410075425269484
-0.08181743802590588
0.02065746561045571
-0.09474288889534029
0.06012927452742699
-0.04983774822776492
0.14870268653368404
0.06724915435967549
-0.07592132702395335
0.06609367768342081
-0.08496115856093109
